#mGo	mLSP	Total	TotGenW	CountsSMS	GenWeightSMS
1000	675	1835275	1835275.000	141405	141405.000
1000	600	1835275	1835275.000	141313	141313.000
1000	450	1835275	1835275.000	95251	95251.000
1000	300	1835275	1835275.000	94278	94278.000
1000	150	1835275	1835275.000	94966	94966.000
1000	0	1835275	1835275.000	92782	92782.000
1000	650	1835275	1835275.000	140627	140627.000
1000	500	1835275	1835275.000	94659	94659.000
1000	350	1835275	1835275.000	95399	95399.000
1000	200	1835275	1835275.000	93913	93913.000
1000	50	1835275	1835275.000	91236	91236.000
1000	700	1835275	1835275.000	142407	142407.000
1000	625	1835275	1835275.000	141083	141083.000
1000	550	1835275	1835275.000	94885	94885.000
1000	400	1835275	1835275.000	93673	93673.000
1000	250	1835275	1835275.000	93699	93699.000
1000	100	1835275	1835275.000	93699	93699.000
#mGo	mLSP	Total	TotGenW	CountsSMS	GenWeightSMS
1000	750	1858051	1858051.000	142709	142709.000
1025	600	1858051	1858051.000	140654	140654.000
1025	675	1858051	1858051.000	140774	140774.000
1025	700	1858051	1858051.000	142966	142966.000
1025	725	1858051	1858051.000	131623	131623.000
1025	750	1858051	1858051.000	131314	131314.000
1000	725	1858051	1858051.000	142907	142907.000
1025	625	1858051	1858051.000	138059	138059.000
1050	0	1858051	1858051.000	95476	95476.000
1050	100	1858051	1858051.000	93004	93004.000
1000	775	1858051	1858051.000	143213	143213.000
1025	775	1858051	1858051.000	140307	140307.000
1025	650	1858051	1858051.000	134208	134208.000
1025	800	1858051	1858051.000	140837	140837.000
#mGo	mLSP	Total	TotGenW	CountsSMS	GenWeightSMS
1050	600	1886863	1886863.000	96025	96025.000
1050	725	1886863	1886863.000	138185	138185.000
1050	750	1886863	1886863.000	143622	143622.000
1050	500	1886863	1886863.000	95704	95704.000
1050	250	1886863	1886863.000	95925	95925.000
1050	150	1886863	1886863.000	95658	95658.000
1050	675	1886863	1886863.000	137889	137889.000
1050	700	1886863	1886863.000	138522	138522.000
1050	450	1886863	1886863.000	95266	95266.000
1050	200	1886863	1886863.000	95699	95699.000
1050	350	1886863	1886863.000	90915	90915.000
1050	650	1886863	1886863.000	138107	138107.000
1050	775	1886863	1886863.000	142804	142804.000
1050	400	1886863	1886863.000	95930	95930.000
1050	550	1886863	1886863.000	95573	95573.000
1050	300	1886863	1886863.000	95663	95663.000
1050	50	1886863	1886863.000	95376	95376.000
#mGo	mLSP	Total	TotGenW	CountsSMS	GenWeightSMS
1075	850	1583664	1583664.000	144154	144154.000
1075	700	1583664	1583664.000	144221	144221.000
1050	800	1583664	1583664.000	143338	143338.000
1075	750	1583664	1583664.000	143637	143637.000
1075	825	1583664	1583664.000	143905	143905.000
1075	675	1583664	1583664.000	143917	143917.000
1075	775	1583664	1583664.000	144378	144378.000
1075	800	1583664	1583664.000	144242	144242.000
1075	650	1583664	1583664.000	143920	143920.000
1050	825	1583664	1583664.000	143674	143674.000
1075	725	1583664	1583664.000	144278	144278.000
#mGo	mLSP	Total	TotGenW	CountsSMS	GenWeightSMS
1100	725	1914606	1914606.000	144524	144524.000
1100	450	1914606	1914606.000	92720	92720.000
1100	500	1914606	1914606.000	96466	96466.000
1100	750	1914606	1914606.000	144712	144712.000
1100	0	1914606	1914606.000	96069	96069.000
1100	250	1914606	1914606.000	96560	96560.000
1100	775	1914606	1914606.000	144493	144493.000
1100	300	1914606	1914606.000	96354	96354.000
1100	550	1914606	1914606.000	95864	95864.000
1100	600	1914606	1914606.000	93189	93189.000
1100	50	1914606	1914606.000	96167	96167.000
1100	100	1914606	1914606.000	96367	96367.000
1100	350	1914606	1914606.000	96324	96324.000
1100	400	1914606	1914606.000	94452	94452.000
1100	650	1914606	1914606.000	96385	96385.000
1100	700	1914606	1914606.000	145150	145150.000
1100	150	1914606	1914606.000	92917	92917.000
1100	200	1914606	1914606.000	95893	95893.000
#mGo	mLSP	Total	TotGenW	CountsSMS	GenWeightSMS
1125	825	1880024	1880024.000	144802	144802.000
1125	900	1880024	1880024.000	145349	145349.000
1125	800	1880024	1880024.000	144980	144980.000
1100	800	1880024	1880024.000	144308	144308.000
1125	850	1880024	1880024.000	145030	145030.000
1125	775	1880024	1880024.000	144737	144737.000
1100	825	1880024	1880024.000	144899	144899.000
1125	750	1880024	1880024.000	142347	142347.000
1100	850	1880024	1880024.000	144450	144450.000
1125	875	1880024	1880024.000	144963	144963.000
1125	725	1880024	1880024.000	144776	144776.000
1100	875	1880024	1880024.000	144172	144172.000
1125	700	1880024	1880024.000	145211	145211.000
#mGo	mLSP	Total	TotGenW	CountsSMS	GenWeightSMS
1150	300	1893818	1893818.000	97151	97151.000
1150	250	1893818	1893818.000	97494	97494.000
1150	0	1893818	1893818.000	97077	97077.000
1150	750	1893818	1893818.000	145546	145546.000
1150	500	1893818	1893818.000	97189	97189.000
1150	450	1893818	1893818.000	97031	97031.000
1150	200	1893818	1893818.000	97079	97079.000
1150	800	1893818	1893818.000	145792	145792.000
1150	150	1893818	1893818.000	97398	97398.000
1150	700	1893818	1893818.000	97053	97053.000
1150	650	1893818	1893818.000	96616	96616.000
1150	400	1893818	1893818.000	97244	97244.000
1150	350	1893818	1893818.000	97377	97377.000
1150	100	1893818	1893818.000	96632	96632.000
1150	50	1893818	1893818.000	97285	97285.000
1150	775	1893818	1893818.000	145849	145849.000
1150	600	1893818	1893818.000	97055	97055.000
1150	550	1893818	1893818.000	96950	96950.000
#mGo	mLSP	Total	TotGenW	CountsSMS	GenWeightSMS
1175	900	1850594	1850594.000	146523	146523.000
1175	875	1850594	1850594.000	146238	146238.000
1175	925	1850594	1850594.000	146603	146603.000
1150	925	1850594	1850594.000	145613	145613.000
1150	875	1850594	1850594.000	145602	145602.000
1175	750	1850594	1850594.000	102091	102091.000
1175	800	1850594	1850594.000	140632	140632.000
1150	900	1850594	1850594.000	146104	146104.000
1150	825	1850594	1850594.000	145666	145666.000
1150	850	1850594	1850594.000	145907	145907.000
1175	775	1850594	1850594.000	146344	146344.000
1175	850	1850594	1850594.000	146786	146786.000
1175	825	1850594	1850594.000	146485	146485.000
#mGo	mLSP	Total	TotGenW	CountsSMS	GenWeightSMS
1175	950	146387	146387.000	146387	146387.000
#mGo	mLSP	Total	TotGenW	CountsSMS	GenWeightSMS
1200	550	1863260	1863260.000	98198	98198.000
1200	400	1863260	1863260.000	97804	97804.000
1200	650	1863260	1863260.000	98163	98163.000
1200	100	1863260	1863260.000	98021	98021.000
1200	350	1863260	1863260.000	98082	98082.000
1200	200	1863260	1863260.000	98320	98320.000
1200	450	1863260	1863260.000	98157	98157.000
1200	700	1863260	1863260.000	98042	98042.000
1200	150	1863260	1863260.000	98212	98212.000
1200	0	1863260	1863260.000	97913	97913.000
1200	250	1863260	1863260.000	98418	98418.000
1200	500	1863260	1863260.000	97825	97825.000
1200	825	1863260	1863260.000	147075	147075.000
1200	750	1863260	1863260.000	97646	97646.000
1200	600	1863260	1863260.000	98104	98104.000
1200	800	1863260	1863260.000	146894	146894.000
1200	50	1863260	1863260.000	98365	98365.000
1200	300	1863260	1863260.000	98021	98021.000
#mGo	mLSP	Total	TotGenW	CountsSMS	GenWeightSMS
1200	875	1905118	1905118.000	147108	147108.000
1225	900	1905118	1905118.000	147337	147337.000
1225	925	1905118	1905118.000	145106	145106.000
1200	900	1905118	1905118.000	147271	147271.000
1225	1000	1905118	1905118.000	148060	148060.000
1200	925	1905118	1905118.000	146531	146531.000
1225	800	1905118	1905118.000	148045	148045.000
1225	825	1905118	1905118.000	147870	147870.000
1200	950	1905118	1905118.000	137603	137603.000
1225	875	1905118	1905118.000	147795	147795.000
1200	975	1905118	1905118.000	147394	147394.000
1225	850	1905118	1905118.000	147592	147592.000
1200	850	1905118	1905118.000	147406	147406.000
#mGo	mLSP	Total	TotGenW	CountsSMS	GenWeightSMS
1250	400	1981615	1981615.000	99399	99399.000
1250	350	1981615	1981615.000	99385	99385.000
1250	550	1981615	1981615.000	99575	99575.000
1250	50	1981615	1981615.000	98913	98913.000
1250	200	1981615	1981615.000	98898	98898.000
1225	975	1981615	1981615.000	147799	147799.000
1225	950	1981615	1981615.000	148578	148578.000
1250	500	1981615	1981615.000	99172	99172.000
1250	1025	1981615	1981615.000	148559	148559.000
1250	650	1981615	1981615.000	98783	98783.000
1250	0	1981615	1981615.000	99066	99066.000
1250	1000	1981615	1981615.000	148830	148830.000
1250	150	1981615	1981615.000	99339	99339.000
1250	300	1981615	1981615.000	98607	98607.000
1250	450	1981615	1981615.000	99350	99350.000
1250	600	1981615	1981615.000	99256	99256.000
1250	100	1981615	1981615.000	98834	98834.000
1250	250	1981615	1981615.000	99272	99272.000
#mGo	mLSP	Total	TotGenW	CountsSMS	GenWeightSMS
1250	925	1902944	1902944.000	148396	148396.000
1275	1000	1902944	1902944.000	149092	149092.000
1250	700	1902944	1902944.000	99165	99165.000
1250	850	1902944	1902944.000	145207	145207.000
1275	850	1902944	1902944.000	149509	149509.000
1250	875	1902944	1902944.000	136104	136104.000
1275	1050	1902944	1902944.000	149299	149299.000
1250	800	1902944	1902944.000	86426	86426.000
1250	950	1902944	1902944.000	147416	147416.000
1275	875	1902944	1902944.000	149774	149774.000
1250	975	1902944	1902944.000	149022	149022.000
1275	1025	1902944	1902944.000	150002	150002.000
1250	750	1902944	1902944.000	98786	98786.000
1250	900	1902944	1902944.000	144746	144746.000
#mGo	mLSP	Total	TotGenW	CountsSMS	GenWeightSMS
1275	975	599432	599432.000	149921	149921.000
1275	900	599432	599432.000	149852	149852.000
1275	950	599432	599432.000	149306	149306.000
1275	925	599432	599432.000	150353	150353.000
#mGo	mLSP	Total	TotGenW	CountsSMS	GenWeightSMS
1300	250	1965572	1965572.000	91310	91310.000
1300	300	1965572	1965572.000	98326	98326.000
1300	150	1965572	1965572.000	99717	99717.000
1300	600	1965572	1965572.000	99809	99809.000
1300	450	1965572	1965572.000	98399	98399.000
1300	500	1965572	1965572.000	100363	100363.000
1300	1025	1965572	1965572.000	148973	148973.000
1300	350	1965572	1965572.000	97604	97604.000
1300	0	1965572	1965572.000	98944	98944.000
1300	650	1965572	1965572.000	100225	100225.000
1300	550	1965572	1965572.000	100364	100364.000
1300	1075	1965572	1965572.000	150759	150759.000
1300	200	1965572	1965572.000	96697	96697.000
1300	1000	1965572	1965572.000	146605	146605.000
1300	50	1965572	1965572.000	94899	94899.000
1300	1050	1965572	1965572.000	148781	148781.000
1300	100	1965572	1965572.000	98710	98710.000
1300	400	1965572	1965572.000	95087	95087.000
#mGo	mLSP	Total	TotGenW	CountsSMS	GenWeightSMS
1325	1025	1909780	1909780.000	151086	151086.000
1325	1100	1909780	1909780.000	151197	151197.000
1300	950	1909780	1909780.000	150532	150532.000
1325	900	1909780	1909780.000	150591	150591.000
1325	1050	1909780	1909780.000	150817	150817.000
1300	800	1909780	1909780.000	100627	100627.000
1300	925	1909780	1909780.000	149998	149998.000
1300	700	1909780	1909780.000	100620	100620.000
1325	1000	1909780	1909780.000	151314	151314.000
1325	1075	1909780	1909780.000	151540	151540.000
1300	850	1909780	1909780.000	99792	99792.000
1300	975	1909780	1909780.000	150501	150501.000
1300	900	1909780	1909780.000	150467	150467.000
1300	750	1909780	1909780.000	100698	100698.000
#mGo	mLSP	Total	TotGenW	CountsSMS	GenWeightSMS
1325	950	1907544	1907544.000	135590	135590.000
1350	100	1907544	1907544.000	93839	93839.000
1350	1075	1907544	1907544.000	151041	151041.000
1350	1050	1907544	1907544.000	151913	151913.000
1350	200	1907544	1907544.000	101263	101263.000
1350	1100	1907544	1907544.000	139020	139020.000
1350	1025	1907544	1907544.000	151225	151225.000
1325	975	1907544	1907544.000	150780	150780.000
1350	0	1907544	1907544.000	99417	99417.000
1325	925	1907544	1907544.000	146361	146361.000
1350	150	1907544	1907544.000	95310	95310.000
1350	300	1907544	1907544.000	101191	101191.000
1350	250	1907544	1907544.000	96772	96772.000
1350	1125	1907544	1907544.000	149750	149750.000
1350	1000	1907544	1907544.000	144072	144072.000
#mGo	mLSP	Total	TotGenW	CountsSMS	GenWeightSMS
1350	900	1928452	1928452.000	101209	101209.000
1350	50	1928452	1928452.000	101115	101115.000
1375	1000	1928452	1928452.000	152589	152589.000
1350	550	1928452	1928452.000	101452	101452.000
1350	700	1928452	1928452.000	101998	101998.000
1350	650	1928452	1928452.000	101093	101093.000
1350	800	1928452	1928452.000	101626	101626.000
1350	350	1928452	1928452.000	101647	101647.000
1350	500	1928452	1928452.000	101248	101248.000
1350	450	1928452	1928452.000	101707	101707.000
1350	600	1928452	1928452.000	101841	101841.000
1350	850	1928452	1928452.000	101161	101161.000
1350	950	1928452	1928452.000	152354	152354.000
1375	1025	1928452	1928452.000	152754	152754.000
1350	975	1928452	1928452.000	151608	151608.000
1350	400	1928452	1928452.000	101686	101686.000
1350	750	1928452	1928452.000	101364	101364.000
#mGo	mLSP	Total	TotGenW	CountsSMS	GenWeightSMS
1375	1075	1057949	1057949.000	152874	152874.000
1375	1125	1057949	1057949.000	153283	153283.000
1375	975	1057949	1057949.000	140649	140649.000
1375	1050	1057949	1057949.000	152604	152604.000
1375	1100	1057949	1057949.000	153318	153318.000
1375	950	1057949	1057949.000	152493	152493.000
1375	1150	1057949	1057949.000	152728	152728.000
#mGo	mLSP	Total	TotGenW	CountsSMS	GenWeightSMS
1400	350	2052880	2052880.000	102607	102607.000
1400	1075	2052880	2052880.000	154066	154066.000
1400	200	2052880	2052880.000	102776	102776.000
1400	1150	2052880	2052880.000	154107	154107.000
1400	400	2052880	2052880.000	102571	102571.000
1400	1125	2052880	2052880.000	154083	154083.000
1400	250	2052880	2052880.000	102587	102587.000
1400	100	2052880	2052880.000	102774	102774.000
1400	1000	2052880	2052880.000	153545	153545.000
1400	1175	2052880	2052880.000	154034	154034.000
1400	300	2052880	2052880.000	102966	102966.000
1400	1025	2052880	2052880.000	153793	153793.000
1400	150	2052880	2052880.000	102531	102531.000
1400	0	2052880	2052880.000	102885	102885.000
1400	1100	2052880	2052880.000	154011	154011.000
1400	1050	2052880	2052880.000	153544	153544.000
#mGo	mLSP	Total	TotGenW	CountsSMS	GenWeightSMS
1425	1000	1997487	1997487.000	154832	154832.000
1425	1075	1997487	1997487.000	154979	154979.000
1400	50	1997487	1997487.000	102589	102589.000
1400	850	1997487	1997487.000	98059	98059.000
1400	700	1997487	1997487.000	102175	102175.000
1400	550	1997487	1997487.000	102827	102827.000
1425	1025	1997487	1997487.000	155567	155567.000
1400	900	1997487	1997487.000	98107	98107.000
1400	750	1997487	1997487.000	102290	102290.000
1400	600	1997487	1997487.000	102201	102201.000
1400	450	1997487	1997487.000	103130	103130.000
1425	1100	1997487	1997487.000	155304	155304.000
1425	1050	1997487	1997487.000	155099	155099.000
1400	950	1997487	1997487.000	102901	102901.000
1400	800	1997487	1997487.000	102168	102168.000
1400	650	1997487	1997487.000	102706	102706.000
1400	500	1997487	1997487.000	102553	102553.000
#mGo	mLSP	Total	TotGenW	CountsSMS	GenWeightSMS
1425	1125	2061506	2061506.000	154730	154730.000
1450	1125	2061506	2061506.000	155599	155599.000
1450	1150	2061506	2061506.000	156007	156007.000
1450	100	2061506	2061506.000	103629	103629.000
1450	200	2061506	2061506.000	100273	100273.000
1450	1075	2061506	2061506.000	155853	155853.000
1450	1050	2061506	2061506.000	155856	155856.000
1425	1150	2061506	2061506.000	151395	151395.000
1450	1100	2061506	2061506.000	152865	152865.000
1450	1200	2061506	2061506.000	156171	156171.000
1425	1175	2061506	2061506.000	151568	151568.000
1450	1175	2061506	2061506.000	155790	155790.000
1450	0	2061506	2061506.000	104036	104036.000
1450	150	2061506	2061506.000	103974	103974.000
1450	1000	2061506	2061506.000	103760	103760.000
#mGo	mLSP	Total	TotGenW	CountsSMS	GenWeightSMS
1475	1075	1945371	1945371.000	152041	152041.000
1450	350	1945371	1945371.000	99184	99184.000
1450	900	1945371	1945371.000	99847	99847.000
1450	650	1945371	1945371.000	104215	104215.000
1450	400	1945371	1945371.000	104113	104113.000
1450	550	1945371	1945371.000	104250	104250.000
1450	300	1945371	1945371.000	103929	103929.000
1450	50	1945371	1945371.000	99238	99238.000
1450	950	1945371	1945371.000	99266	99266.000
1450	600	1945371	1945371.000	94433	94433.000
1450	750	1945371	1945371.000	104160	104160.000
1450	500	1945371	1945371.000	104218	104218.000
1450	250	1945371	1945371.000	104376	104376.000
1450	800	1945371	1945371.000	103861	103861.000
1475	1050	1945371	1945371.000	156478	156478.000
1450	850	1945371	1945371.000	103995	103995.000
1450	700	1945371	1945371.000	104023	104023.000
1450	450	1945371	1945371.000	103744	103744.000
#mGo	mLSP	Total	TotGenW	CountsSMS	GenWeightSMS
1500	1125	2101388	2101388.000	157926	157926.000
1500	100	2101388	2101388.000	105596	105596.000
1475	1100	2101388	2101388.000	157169	157169.000
1500	1150	2101388	2101388.000	158042	158042.000
1500	1200	2101388	2101388.000	157569	157569.000
1475	1175	2101388	2101388.000	156487	156487.000
1500	1175	2101388	2101388.000	158086	158086.000
1500	150	2101388	2101388.000	105414	105414.000
1475	1150	2101388	2101388.000	157221	157221.000
1500	1000	2101388	2101388.000	105062	105062.000
1500	1250	2101388	2101388.000	157720	157720.000
1500	0	2101388	2101388.000	105005	105005.000
1500	1050	2101388	2101388.000	105129	105129.000
1500	1100	2101388	2101388.000	158508	158508.000
1475	1125	2101388	2101388.000	156454	156454.000
#mGo	mLSP	Total	TotGenW	CountsSMS	GenWeightSMS
1500	50	2102187	2102187.000	105271	105271.000
1500	900	2102187	2102187.000	104866	104866.000
1525	1125	2102187	2102187.000	158543	158543.000
1500	350	2102187	2102187.000	104945	104945.000
1500	400	2102187	2102187.000	105116	105116.000
1500	650	2102187	2102187.000	104995	104995.000
1500	700	2102187	2102187.000	105050	105050.000
1500	950	2102187	2102187.000	101741	101741.000
1500	200	2102187	2102187.000	104843	104843.000
1500	850	2102187	2102187.000	105242	105242.000
1500	450	2102187	2102187.000	105866	105866.000
1500	500	2102187	2102187.000	105075	105075.000
1500	750	2102187	2102187.000	105315	105315.000
1500	800	2102187	2102187.000	105642	105642.000
1500	250	2102187	2102187.000	105230	105230.000
1525	1100	2102187	2102187.000	158816	158816.000
1500	300	2102187	2102187.000	105046	105046.000
1500	550	2102187	2102187.000	105336	105336.000
1500	600	2102187	2102187.000	105249	105249.000
#mGo	mLSP	Total	TotGenW	CountsSMS	GenWeightSMS
1550	1200	2076267	2076267.000	159514	159514.000
1550	1100	2076267	2076267.000	106988	106988.000
1550	100	2076267	2076267.000	106884	106884.000
1525	1175	2076267	2076267.000	159078	159078.000
1550	1150	2076267	2076267.000	159913	159913.000
1550	1000	2076267	2076267.000	106761	106761.000
1525	1150	2076267	2076267.000	159104	159104.000
1550	300	2076267	2076267.000	105964	105964.000
1550	250	2076267	2076267.000	106604	106604.000
1550	0	2076267	2076267.000	106643	106643.000
1550	1050	2076267	2076267.000	106843	106843.000
1550	1300	2076267	2076267.000	159380	159380.000
1550	1250	2076267	2076267.000	160280	160280.000
1550	1175	2076267	2076267.000	159444	159444.000
1550	200	2076267	2076267.000	106532	106532.000
1550	150	2076267	2076267.000	106335	106335.000
#mGo	mLSP	Total	TotGenW	CountsSMS	GenWeightSMS
1550	700	1815517	1815517.000	106229	106229.000
1550	650	1815517	1815517.000	106656	106656.000
1550	400	1815517	1815517.000	106507	106507.000
1550	350	1815517	1815517.000	106960	106960.000
1550	900	1815517	1815517.000	106525	106525.000
1550	50	1815517	1815517.000	106664	106664.000
1550	600	1815517	1815517.000	106866	106866.000
1550	550	1815517	1815517.000	106648	106648.000
1575	1150	1815517	1815517.000	161733	161733.000
1550	950	1815517	1815517.000	106059	106059.000
1550	800	1815517	1815517.000	107057	107057.000
1550	750	1815517	1815517.000	106209	106209.000
1550	500	1815517	1815517.000	106310	106310.000
1550	450	1815517	1815517.000	106842	106842.000
1575	1175	1815517	1815517.000	161118	161118.000
1550	850	1815517	1815517.000	107134	107134.000
#mGo	mLSP	Total	TotGenW	CountsSMS	GenWeightSMS
1600	150	2166990	2166990.000	54165	54165.000
1600	0	2166990	2166990.000	54068	54068.000
1600	550	2166990	2166990.000	54107	54107.000
1600	100	2166990	2166990.000	53985	53985.000
1650	1050	2166990	2166990.000	54688	54688.000
1600	1050	2166990	2166990.000	54052	54052.000
1600	600	2166990	2166990.000	53989	53989.000
1650	0	2166990	2166990.000	55147	55147.000
1600	1200	2166990	2166990.000	162589	162589.000
1600	1150	2166990	2166990.000	53994	53994.000
1600	1000	2166990	2166990.000	54038	54038.000
1600	700	2166990	2166990.000	54176	54176.000
1600	250	2166990	2166990.000	54049	54049.000
1600	1300	2166990	2166990.000	162443	162443.000
1600	850	2166990	2166990.000	53817	53817.000
1600	1100	2166990	2166990.000	54081	54081.000
1600	400	2166990	2166990.000	54133	54133.000
1600	650	2166990	2166990.000	54154	54154.000
1600	350	2166990	2166990.000	54368	54368.000
1600	200	2166990	2166990.000	53750	53750.000
1600	1250	2166990	2166990.000	162339	162339.000
1600	950	2166990	2166990.000	54431	54431.000
1600	800	2166990	2166990.000	54053	54053.000
1650	1000	2166990	2166990.000	54742	54742.000
1600	500	2166990	2166990.000	54030	54030.000
1600	750	2166990	2166990.000	54400	54400.000
1600	50	2166990	2166990.000	54483	54483.000
1650	100	2166990	2166990.000	54792	54792.000
1600	300	2166990	2166990.000	53863	53863.000
1600	1350	2166990	2166990.000	162126	162126.000
1600	900	2166990	2166990.000	53858	53858.000
1600	450	2166990	2166990.000	54080	54080.000
#mGo	mLSP	Total	TotGenW	CountsSMS	GenWeightSMS
1650	800	2160839	2160839.000	54490	54490.000
1650	950	2160839	2160839.000	54640	54640.000
1650	1250	2160839	2160839.000	164138	164138.000
1650	1400	2160839	2160839.000	164620	164620.000
1700	1200	2160839	2160839.000	51904	51904.000
1650	400	2160839	2160839.000	51262	51262.000
1650	850	2160839	2160839.000	54970	54970.000
1650	1300	2160839	2160839.000	160426	160426.000
1650	300	2160839	2160839.000	54849	54849.000
1650	750	2160839	2160839.000	51320	51320.000
1650	1200	2160839	2160839.000	54747	54747.000
1700	1100	2160839	2160839.000	55748	55748.000
1650	200	2160839	2160839.000	54936	54936.000
1650	350	2160839	2160839.000	54804	54804.000
1650	650	2160839	2160839.000	54783	54783.000
1650	1100	2160839	2160839.000	54586	54586.000
1650	250	2160839	2160839.000	54725	54725.000
1650	550	2160839	2160839.000	51125	51125.000
1650	700	2160839	2160839.000	54914	54914.000
1650	1150	2160839	2160839.000	54871	54871.000
1650	150	2160839	2160839.000	47741	47741.000
1650	450	2160839	2160839.000	54576	54576.000
1650	600	2160839	2160839.000	54634	54634.000
1700	1050	2160839	2160839.000	52013	52013.000
1650	900	2160839	2160839.000	54653	54653.000
1700	1150	2160839	2160839.000	56022	56022.000
1700	1000	2160839	2160839.000	55652	55652.000
1650	1350	2160839	2160839.000	164550	164550.000
1650	50	2160839	2160839.000	54782	54782.000
1700	100	2160839	2160839.000	55465	55465.000
1700	0	2160839	2160839.000	48676	48676.000
1650	500	2160839	2160839.000	54217	54217.000
#mGo	mLSP	Total	TotGenW	CountsSMS	GenWeightSMS
1700	1450	2223598	2223598.000	166605	166605.000
1700	700	2223598	2223598.000	55579	55579.000
1750	1200	2223598	2223598.000	56282	56282.000
1750	1250	2223598	2223598.000	56169	56169.000
1750	1000	2223598	2223598.000	56295	56295.000
1700	600	2223598	2223598.000	55534	55534.000
1750	0	2223598	2223598.000	56312	56312.000
1750	1150	2223598	2223598.000	56599	56599.000
1700	550	2223598	2223598.000	55514	55514.000
1750	100	2223598	2223598.000	56247	56247.000
1700	150	2223598	2223598.000	55604	55604.000
1700	1400	2223598	2223598.000	166727	166727.000
1700	450	2223598	2223598.000	55441	55441.000
1750	1050	2223598	2223598.000	56185	56185.000
1700	1350	2223598	2223598.000	166496	166496.000
1750	1300	2223598	2223598.000	56120	56120.000
1700	50	2223598	2223598.000	55393	55393.000
1700	900	2223598	2223598.000	51718	51718.000
1700	750	2223598	2223598.000	55622	55622.000
1700	300	2223598	2223598.000	55490	55490.000
1700	950	2223598	2223598.000	55485	55485.000
1700	1250	2223598	2223598.000	55567	55567.000
1700	500	2223598	2223598.000	55388	55388.000
1700	350	2223598	2223598.000	55437	55437.000
1700	800	2223598	2223598.000	55478	55478.000
1700	650	2223598	2223598.000	55686	55686.000
1700	200	2223598	2223598.000	55556	55556.000
1700	850	2223598	2223598.000	55412	55412.000
1700	400	2223598	2223598.000	55259	55259.000
1700	250	2223598	2223598.000	55422	55422.000
1750	1100	2223598	2223598.000	56453	56453.000
1700	1300	2223598	2223598.000	166523	166523.000
#mGo	mLSP	Total	TotGenW	CountsSMS	GenWeightSMS
1750	500	1517161	1517161.000	56279	56279.000
1750	450	1517161	1517161.000	56050	56050.000
1750	600	1517161	1517161.000	56099	56099.000
1750	150	1517161	1517161.000	56046	56046.000
1750	1350	1517161	1517161.000	169044	169044.000
1750	300	1517161	1517161.000	56111	56111.000
1750	1400	1517161	1517161.000	168569	168569.000
1750	250	1517161	1517161.000	55986	55986.000
1750	1450	1517161	1517161.000	168912	168912.000
1750	400	1517161	1517161.000	56311	56311.000
1750	750	1517161	1517161.000	56181	56181.000
1750	900	1517161	1517161.000	56220	56220.000
1750	50	1517161	1517161.000	56103	56103.000
1750	850	1517161	1517161.000	56081	56081.000
1750	200	1517161	1517161.000	56006	56006.000
1750	950	1517161	1517161.000	56127	56127.000
1750	550	1517161	1517161.000	56185	56185.000
1750	700	1517161	1517161.000	56174	56174.000
1750	650	1517161	1517161.000	56300	56300.000
1750	800	1517161	1517161.000	56437	56437.000
1750	350	1517161	1517161.000	55940	55940.000
#mGo	mLSP	Total	TotGenW	CountsSMS	GenWeightSMS
1800	750	2286622	2286622.000	57157	57157.000
1800	1400	2286622	2286622.000	170987	170987.000
1800	450	2286622	2286622.000	57072	57072.000
1800	300	2286622	2286622.000	57364	57364.000
1800	950	2286622	2286622.000	56544	56544.000
1800	0	2286622	2286622.000	56738	56738.000
1800	500	2286622	2286622.000	57189	57189.000
1800	350	2286622	2286622.000	57149	57149.000
1800	50	2286622	2286622.000	57167	57167.000
1850	1100	2286622	2286622.000	57697	57697.000
1800	1250	2286622	2286622.000	56750	56750.000
1800	1100	2286622	2286622.000	57085	57085.000
1800	800	2286622	2286622.000	57178	57178.000
1800	650	2286622	2286622.000	57272	57272.000
1800	1300	2286622	2286622.000	57066	57066.000
1800	1150	2286622	2286622.000	57058	57058.000
1800	200	2286622	2286622.000	57122	57122.000
1800	850	2286622	2286622.000	56863	56863.000
1800	700	2286622	2286622.000	57243	57243.000
1850	1000	2286622	2286622.000	58037	58037.000
1800	400	2286622	2286622.000	57225	57225.000
1800	250	2286622	2286622.000	57053	57053.000
1800	1450	2286622	2286622.000	171042	171042.000
1800	1000	2286622	2286622.000	57155	57155.000
1850	100	2286622	2286622.000	57953	57953.000
1800	550	2286622	2286622.000	57152	57152.000
1800	1200	2286622	2286622.000	57060	57060.000
1800	1050	2286622	2286622.000	57058	57058.000
1800	100	2286622	2286622.000	56888	56888.000
1800	600	2286622	2286622.000	57259	57259.000
1850	1050	2286622	2286622.000	57871	57871.000
1800	150	2286622	2286622.000	57039	57039.000
1850	1150	2286622	2286622.000	57544	57544.000
1850	0	2286622	2286622.000	57806	57806.000
1800	1350	2286622	2286622.000	56784	56784.000
1800	900	2286622	2286622.000	56995	56995.000
#mGo	mLSP	Total	TotGenW	CountsSMS	GenWeightSMS
1850	1400	2307681	2307681.000	57782	57782.000
1850	750	2307681	2307681.000	56115	56115.000
1850	800	2307681	2307681.000	57574	57574.000
1850	150	2307681	2307681.000	57891	57891.000
1850	1250	2307681	2307681.000	57866	57866.000
1850	200	2307681	2307681.000	57996	57996.000
1900	1300	2307681	2307681.000	57148	57148.000
1850	650	2307681	2307681.000	57752	57752.000
1850	50	2307681	2307681.000	57685	57685.000
1900	1250	2307681	2307681.000	58680	58680.000
1900	1150	2307681	2307681.000	58544	58544.000
1850	500	2307681	2307681.000	58041	58041.000
1850	950	2307681	2307681.000	57792	57792.000
1900	1400	2307681	2307681.000	56869	56869.000
1850	350	2307681	2307681.000	57745	57745.000
1850	1450	2307681	2307681.000	173547	173547.000
1850	400	2307681	2307681.000	57889	57889.000
1900	200	2307681	2307681.000	59100	59100.000
1900	150	2307681	2307681.000	55114	55114.000
1850	850	2307681	2307681.000	57758	57758.000
1850	1300	2307681	2307681.000	57526	57526.000
1850	250	2307681	2307681.000	56436	56436.000
1900	1050	2307681	2307681.000	58377	58377.000
1850	700	2307681	2307681.000	57936	57936.000
1900	1350	2307681	2307681.000	58580	58580.000
1900	1200	2307681	2307681.000	56742	56742.000
1850	1200	2307681	2307681.000	56158	56158.000
1850	550	2307681	2307681.000	57813	57813.000
1850	600	2307681	2307681.000	57869	57869.000
1900	0	2307681	2307681.000	58600	58600.000
1900	1100	2307681	2307681.000	58592	58592.000
1850	450	2307681	2307681.000	57918	57918.000
1900	100	2307681	2307681.000	58434	58434.000
1850	900	2307681	2307681.000	57822	57822.000
1900	1450	2307681	2307681.000	58503	58503.000
1850	1350	2307681	2307681.000	56434	56434.000
1850	300	2307681	2307681.000	56389	56389.000
1900	1000	2307681	2307681.000	58664	58664.000
#mGo	mLSP	Total	TotGenW	CountsSMS	GenWeightSMS
1950	1050	2340775	2340775.000	59241	59241.000
1950	1100	2340775	2340775.000	59434	59434.000
1950	1250	2340775	2340775.000	59392	59392.000
1950	150	2340775	2340775.000	59587	59587.000
1900	50	2340775	2340775.000	58433	58433.000
1900	350	2340775	2340775.000	58213	58213.000
1950	1150	2340775	2340775.000	59435	59435.000
1900	650	2340775	2340775.000	54379	54379.000
1900	950	2340775	2340775.000	54824	54824.000
1950	1350	2340775	2340775.000	59369	59369.000
1900	500	2340775	2340775.000	58544	58544.000
1950	0	2340775	2340775.000	58385	58385.000
1900	800	2340775	2340775.000	58400	58400.000
1950	450	2340775	2340775.000	59518	59518.000
1950	1000	2340775	2340775.000	56630	56630.000
1950	1450	2340775	2340775.000	59344	59344.000
1950	1200	2340775	2340775.000	59413	59413.000
1950	350	2340775	2340775.000	59342	59342.000
1950	100	2340775	2340775.000	59324	59324.000
1950	550	2340775	2340775.000	59319	59319.000
1900	450	2340775	2340775.000	58419	58419.000
1900	750	2340775	2340775.000	58628	58628.000
1950	1300	2340775	2340775.000	58897	58897.000
1900	300	2340775	2340775.000	54556	54556.000
1950	200	2340775	2340775.000	59470	59470.000
1900	600	2340775	2340775.000	58469	58469.000
1950	250	2340775	2340775.000	59164	59164.000
1950	400	2340775	2340775.000	59184	59184.000
1950	650	2340775	2340775.000	59304	59304.000
1950	500	2340775	2340775.000	59071	59071.000
1950	1400	2340775	2340775.000	59475	59475.000
1950	300	2340775	2340775.000	59225	59225.000
1900	700	2340775	2340775.000	58458	58458.000
1900	250	2340775	2340775.000	58471	58471.000
1900	550	2340775	2340775.000	54587	54587.000
1900	850	2340775	2340775.000	58740	58740.000
1900	900	2340775	2340775.000	59092	59092.000
1900	400	2340775	2340775.000	58345	58345.000
1950	50	2340775	2340775.000	59500	59500.000
1950	600	2340775	2340775.000	59194	59194.000
#mGo	mLSP	Total	TotGenW	CountsSMS	GenWeightSMS
1950	800	355766	355766.000	59352	59352.000
1950	750	355766	355766.000	59153	59153.000
1950	950	355766	355766.000	59475	59475.000
1950	700	355766	355766.000	59440	59440.000
1950	900	355766	355766.000	59218	59218.000
1950	850	355766	355766.000	59128	59128.000
#mGo	mLSP	Total	TotGenW	CountsSMS	GenWeightSMS
600	200	1830056	1830056.000	458655	458655.000
600	225	1830056	1830056.000	457644	457644.000
600	0	1830056	1830056.000	456898	456898.000
600	100	1830056	1830056.000	456859	456859.000
#mGo	mLSP	Total	TotGenW	CountsSMS	GenWeightSMS
600	275	1815722	1815722.000	452649	452649.000
600	325	1815722	1815722.000	457749	457749.000
600	250	1815722	1815722.000	447773	447773.000
600	300	1815722	1815722.000	457551	457551.000
#mGo	mLSP	Total	TotGenW	CountsSMS	GenWeightSMS
625	250	1965926	1965926.000	358462	358462.000
600	350	1965926	1965926.000	433604	433604.000
625	200	1965926	1965926.000	358598	358598.000
625	225	1965926	1965926.000	358792	358792.000
600	375	1965926	1965926.000	456470	456470.000
#mGo	mLSP	Total	TotGenW	CountsSMS	GenWeightSMS
625	325	1783289	1783289.000	355884	355884.000
625	275	1783289	1783289.000	356888	356888.000
625	350	1783289	1783289.000	355812	355812.000
625	300	1783289	1783289.000	356388	356388.000
625	375	1783289	1783289.000	358317	358317.000
#mGo	mLSP	Total	TotGenW	CountsSMS	GenWeightSMS
650	200	1774969	1774969.000	285220	285220.000
650	325	1774969	1774969.000	285478	285478.000
650	275	1774969	1774969.000	275830	275830.000
650	300	1774969	1774969.000	284808	284808.000
650	250	1774969	1774969.000	284829	284829.000
625	400	1774969	1774969.000	358804	358804.000
#mGo	mLSP	Total	TotGenW	CountsSMS	GenWeightSMS
650	350	1738566	1738566.000	270072	270072.000
675	300	1738566	1738566.000	209031	209031.000
650	400	1738566	1738566.000	284640	284640.000
675	275	1738566	1738566.000	208867	208867.000
650	375	1738566	1738566.000	279752	279752.000
675	250	1738566	1738566.000	201410	201410.000
650	425	1738566	1738566.000	284794	284794.000
#mGo	mLSP	Total	TotGenW	CountsSMS	GenWeightSMS
675	450	1277917	1277917.000	212844	212844.000
675	375	1277917	1277917.000	212673	212673.000
675	350	1277917	1277917.000	213253	213253.000
675	425	1277917	1277917.000	213048	213048.000
675	400	1277917	1277917.000	212877	212877.000
675	325	1277917	1277917.000	213222	213222.000
#mGo	mLSP	Total	TotGenW	CountsSMS	GenWeightSMS
700	325	2050646	2050646.000	182540	182540.000
700	100	2050646	2050646.000	188514	188514.000
700	350	2050646	2050646.000	188627	188627.000
700	400	2050646	2050646.000	188404	188404.000
700	375	2050646	2050646.000	182849	182849.000
700	425	2050646	2050646.000	188818	188818.000
700	200	2050646	2050646.000	183275	183275.000
700	450	2050646	2050646.000	188785	188785.000
700	0	2050646	2050646.000	182678	182678.000
700	250	2050646	2050646.000	188368	188368.000
700	300	2050646	2050646.000	187788	187788.000
#mGo	mLSP	Total	TotGenW	CountsSMS	GenWeightSMS
725	500	1773586	1773586.000	135291	135291.000
700	475	1773586	1773586.000	187848	187848.000
725	475	1773586	1773586.000	135160	135160.000
725	375	1773586	1773586.000	141027	141027.000
725	450	1773586	1773586.000	141055	141055.000
725	350	1773586	1773586.000	135286	135286.000
725	425	1773586	1773586.000	140679	140679.000
750	250	1773586	1773586.000	111772	111772.000
725	325	1773586	1773586.000	129358	129358.000
725	400	1773586	1773586.000	141344	141344.000
750	300	1773586	1773586.000	117004	117004.000
725	300	1773586	1773586.000	140356	140356.000
750	200	1773586	1773586.000	117406	117406.000
#mGo	mLSP	Total	TotGenW	CountsSMS	GenWeightSMS
750	400	1824037	1824037.000	140777	140777.000
750	350	1824037	1824037.000	140655	140655.000
750	525	1824037	1824037.000	139878	139878.000
750	475	1824037	1824037.000	140315	140315.000
775	350	1824037	1824037.000	140493	140493.000
775	400	1824037	1824037.000	140277	140277.000
750	500	1824037	1824037.000	139812	139812.000
750	425	1824037	1824037.000	140302	140302.000
750	450	1824037	1824037.000	140585	140585.000
750	375	1824037	1824037.000	140168	140168.000
775	375	1824037	1824037.000	140465	140465.000
775	450	1824037	1824037.000	140519	140519.000
775	425	1824037	1824037.000	139791	139791.000
#mGo	mLSP	Total	TotGenW	CountsSMS	GenWeightSMS
775	500	561539	561539.000	140425	140425.000
775	475	561539	561539.000	140831	140831.000
775	550	561539	561539.000	140137	140137.000
775	525	561539	561539.000	140146	140146.000
#mGo	mLSP	Total	TotGenW	CountsSMS	GenWeightSMS
800	475	1807268	1807268.000	135941	135941.000
800	0	1807268	1807268.000	93704	93704.000
800	250	1807268	1807268.000	93798	93798.000
800	500	1807268	1807268.000	140917	140917.000
800	525	1807268	1807268.000	136443	136443.000
825	400	1807268	1807268.000	140645	140645.000
800	300	1807268	1807268.000	94049	94049.000
800	550	1807268	1807268.000	136046	136046.000
800	400	1807268	1807268.000	136622	136622.000
800	575	1807268	1807268.000	140929	140929.000
800	100	1807268	1807268.000	93753	93753.000
800	425	1807268	1807268.000	136326	136326.000
800	350	1807268	1807268.000	93897	93897.000
800	200	1807268	1807268.000	93709	93709.000
800	450	1807268	1807268.000	140489	140489.000
#mGo	mLSP	Total	TotGenW	CountsSMS	GenWeightSMS
850	300	1875991	1875991.000	93562	93562.000
825	575	1875991	1875991.000	141216	141216.000
850	475	1875991	1875991.000	140275	140275.000
825	600	1875991	1875991.000	140520	140520.000
850	450	1875991	1875991.000	140659	140659.000
825	550	1875991	1875991.000	140370	140370.000
850	400	1875991	1875991.000	94028	94028.000
850	250	1875991	1875991.000	93955	93955.000
825	525	1875991	1875991.000	140947	140947.000
825	475	1875991	1875991.000	140383	140383.000
825	500	1875991	1875991.000	140698	140698.000
825	450	1875991	1875991.000	140986	140986.000
850	200	1875991	1875991.000	94136	94136.000
850	350	1875991	1875991.000	93874	93874.000
825	425	1875991	1875991.000	140382	140382.000
#mGo	mLSP	Total	TotGenW	CountsSMS	GenWeightSMS
850	525	1800851	1800851.000	140762	140762.000
850	600	1800851	1800851.000	140325	140325.000
875	450	1800851	1800851.000	140488	140488.000
850	625	1800851	1800851.000	129746	129746.000
875	600	1800851	1800851.000	140255	140255.000
850	550	1800851	1800851.000	141038	141038.000
875	500	1800851	1800851.000	138514	138514.000
875	475	1800851	1800851.000	140376	140376.000
875	575	1800851	1800851.000	140217	140217.000
850	575	1800851	1800851.000	140866	140866.000
850	500	1800851	1800851.000	140355	140355.000
875	550	1800851	1800851.000	130366	130366.000
875	525	1800851	1800851.000	137543	137543.000
#mGo	mLSP	Total	TotGenW	CountsSMS	GenWeightSMS
875	650	1867623	1867623.000	141013	141013.000
875	625	1867623	1867623.000	140950	140950.000
900	550	1867623	1867623.000	140872	140872.000
900	200	1867623	1867623.000	93828	93828.000
900	100	1867623	1867623.000	94103	94103.000
900	625	1867623	1867623.000	140645	140645.000
900	400	1867623	1867623.000	94181	94181.000
900	525	1867623	1867623.000	140703	140703.000
900	250	1867623	1867623.000	93798	93798.000
900	300	1867623	1867623.000	94597	94597.000
900	600	1867623	1867623.000	141142	141142.000
900	450	1867623	1867623.000	81628	81628.000
900	575	1867623	1867623.000	140724	140724.000
900	500	1867623	1867623.000	141519	141519.000
900	350	1867623	1867623.000	94143	94143.000
900	0	1867623	1867623.000	93777	93777.000
#mGo	mLSP	Total	TotGenW	CountsSMS	GenWeightSMS
925	550	1832805	1832805.000	141250	141250.000
900	650	1832805	1832805.000	140815	140815.000
925	700	1832805	1832805.000	141119	141119.000
950	250	1832805	1832805.000	94124	94124.000
925	600	1832805	1832805.000	141141	141141.000
925	625	1832805	1832805.000	141578	141578.000
950	300	1832805	1832805.000	94196	94196.000
925	500	1832805	1832805.000	140669	140669.000
925	575	1832805	1832805.000	140982	140982.000
925	650	1832805	1832805.000	140903	140903.000
925	525	1832805	1832805.000	140972	140972.000
900	675	1832805	1832805.000	140613	140613.000
925	675	1832805	1832805.000	140097	140097.000
950	200	1832805	1832805.000	94346	94346.000
#mGo	mLSP	Total	TotGenW	CountsSMS	GenWeightSMS
950	675	1787238	1787238.000	141821	141821.000
950	500	1787238	1787238.000	93936	93936.000
950	450	1787238	1787238.000	90788	90788.000
950	600	1787238	1787238.000	141645	141645.000
950	625	1787238	1787238.000	141161	141161.000
950	400	1787238	1787238.000	94151	94151.000
975	575	1787238	1787238.000	141910	141910.000
975	550	1787238	1787238.000	141664	141664.000
950	550	1787238	1787238.000	141150	141150.000
950	700	1787238	1787238.000	141119	141119.000
950	650	1787238	1787238.000	141467	141467.000
950	575	1787238	1787238.000	141497	141497.000
950	725	1787238	1787238.000	140773	140773.000
950	350	1787238	1787238.000	94156	94156.000
#mGo	mLSP	Total	TotGenW	CountsSMS	GenWeightSMS
975	600	992951	992951.000	141740	141740.000
975	675	992951	992951.000	142031	142031.000
975	725	992951	992951.000	141546	141546.000
975	650	992951	992951.000	142096	142096.000
975	700	992951	992951.000	141988	141988.000
975	750	992951	992951.000	141493	141493.000
975	625	992951	992951.000	142057	142057.000
