#mGo	mLSP	Total	TotGenW	CountsSMS	GenWeightSMS
1800	200	31135695	31135695.000	18254	18254.000
600	200	31135695	31135695.000	376388	376388.000
1950	800	31135695	31135695.000	15874	15874.000
1850	1400	31135695	31135695.000	20252	20252.000
1150	450	31135695	31135695.000	94915	94915.000
2250	300	31135695	31135695.000	14343	14343.000
2250	1100	31135695	31135695.000	18481	18481.000
1300	700	31135695	31135695.000	40958	40958.000
1250	300	31135695	31135695.000	52574	52574.000
600	375	31135695	31135695.000	366733	366733.000
1600	100	31135695	31135695.000	21336	21336.000
1050	400	31135695	31135695.000	148573	148573.000
2000	700	31135695	31135695.000	18534	18534.000
1200	850	31135695	31135695.000	70739	70739.000
2100	400	31135695	31135695.000	17176	17176.000
2050	1600	31135695	31135695.000	20174	20174.000
2100	1300	31135695	31135695.000	17810	17810.000
2200	1450	31135695	31135695.000	19567	19567.000
1950	1450	31135695	31135695.000	20453	20453.000
1150	400	31135695	31135695.000	101304	101304.000
1450	800	31135695	31135695.000	18735	18735.000
2000	1100	31135695	31135695.000	21772	21772.000
1300	750	31135695	31135695.000	40013	40013.000
1350	1125	31135695	31135695.000	29799	29799.000
1850	850	31135695	31135695.000	20163	20163.000
1800	1300	31135695	31135695.000	19117	19117.000
1100	800	31135695	31135695.000	130991	130991.000
1900	1050	31135695	31135695.000	21516	21516.000
1850	700	31135695	31135695.000	18634	18634.000
1300	800	31135695	31135695.000	34928	34928.000
2100	1350	31135695	31135695.000	20260	20260.000
900	675	31135695	31135695.000	148529	148529.000
1650	1150	31135695	31135695.000	19588	19588.000
1950	1400	31135695	31135695.000	21414	21414.000
1500	600	31135695	31135695.000	19575	19575.000
1600	950	31135695	31135695.000	23091	23091.000
2300	1100	31135695	31135695.000	19994	19994.000
1500	1200	31135695	31135695.000	17357	17357.000
1700	850	31135695	31135695.000	24266	24266.000
950	350	31135695	31135695.000	151079	151079.000
2000	200	31135695	31135695.000	19410	19410.000
2100	1150	31135695	31135695.000	21474	21474.000
1650	1350	31135695	31135695.000	22831	22831.000
1100	875	31135695	31135695.000	135574	135574.000
900	600	31135695	31135695.000	150686	150686.000
1300	850	31135695	31135695.000	35743	35743.000
1050	550	31135695	31135695.000	143240	143240.000
1350	600	31135695	31135695.000	26915	26915.000
2000	1350	31135695	31135695.000	20967	20967.000
700	100	31135695	31135695.000	149517	149517.000
1550	900	31135695	31135695.000	21458	21458.000
1150	350	31135695	31135695.000	91157	91157.000
2100	1600	31135695	31135695.000	20105	20105.000
1500	1250	31135695	31135695.000	20511	20511.000
1400	650	31135695	31135695.000	20649	20649.000
1100	450	31135695	31135695.000	138907	138907.000
2300	300	31135695	31135695.000	19446	19446.000
2150	1500	31135695	31135695.000	22495	22495.000
1800	800	31135695	31135695.000	20317	20317.000
1550	1000	31135695	31135695.000	20099	20099.000
1150	650	31135695	31135695.000	95969	95969.000
1450	1050	31135695	31135695.000	21375	21375.000
1950	100	31135695	31135695.000	16463	16463.000
800	200	31135695	31135695.000	145479	145479.000
1550	200	31135695	31135695.000	20339	20339.000
1300	300	31135695	31135695.000	40889	40889.000
1700	900	31135695	31135695.000	19010	19010.000
1900	1350	31135695	31135695.000	19006	19006.000
1200	700	31135695	31135695.000	67831	67831.000
1350	950	31135695	31135695.000	29508	29508.000
2050	1200	31135695	31135695.000	19360	19360.000
2100	900	31135695	31135695.000	20090	20090.000
1600	1050	31135695	31135695.000	22993	22993.000
1200	900	31135695	31135695.000	67567	67567.000
2200	700	31135695	31135695.000	17422	17422.000
1300	350	31135695	31135695.000	36405	36405.000
1600	300	31135695	31135695.000	22276	22276.000
1550	800	31135695	31135695.000	19902	19902.000
1600	900	31135695	31135695.000	19605	19605.000
2050	1400	31135695	31135695.000	20442	20442.000
2100	1200	31135695	31135695.000	21672	21672.000
1650	500	31135695	31135695.000	19913	19913.000
900	500	31135695	31135695.000	150926	150926.000
1600	600	31135695	31135695.000	23515	23515.000
2150	200	31135695	31135695.000	20336	20336.000
1650	1400	31135695	31135695.000	21092	21092.000
1900	1200	31135695	31135695.000	20944	20944.000
1950	700	31135695	31135695.000	27554	27554.000
1350	450	31135695	31135695.000	26282	26282.000
1800	1400	31135695	31135695.000	19648	19648.000
1700	600	31135695	31135695.000	19080	19080.000
1900	1250	31135695	31135695.000	24665	24665.000
1300	600	31135695	31135695.000	40311	40311.000
1250	200	31135695	31135695.000	49844	49844.000
1650	1425	31135695	31135695.000	16085	16085.000
2200	100	31135695	31135695.000	21425	21425.000
2250	1550	31135695	31135695.000	18342	18342.000
1150	500	31135695	31135695.000	102469	102469.000
1350	400	31135695	31135695.000	31669	31669.000
1450	500	31135695	31135695.000	20450	20450.000
1000	600	31135695	31135695.000	151374	151374.000
1050	500	31135695	31135695.000	154351	154351.000
2300	1450	31135695	31135695.000	23397	23397.000
2250	1400	31135695	31135695.000	22131	22131.000
1750	750	31135695	31135695.000	19174	19174.000
2050	800	31135695	31135695.000	25772	25772.000
2050	1250	31135695	31135695.000	20432	20432.000
2150	1600	31135695	31135695.000	25636	25636.000
1850	600	31135695	31135695.000	15230	15230.000
1600	800	31135695	31135695.000	21073	21073.000
1250	700	31135695	31135695.000	52549	52549.000
1850	1050	31135695	31135695.000	21588	21588.000
1900	1150	31135695	31135695.000	18749	18749.000
2300	800	31135695	31135695.000	19508	19508.000
1550	500	31135695	31135695.000	21103	21103.000
750	450	31135695	31135695.000	144599	144599.000
2200	1300	31135695	31135695.000	22755	22755.000
2000	1050	31135695	31135695.000	19716	19716.000
1500	850	31135695	31135695.000	18651	18651.000
2150	1200	31135695	31135695.000	20560	20560.000
1500	1150	31135695	31135695.000	19808	19808.000
2150	900	31135695	31135695.000	19008	19008.000
1450	550	31135695	31135695.000	15939	15939.000
1350	0	31135695	31135695.000	24711	24711.000
1450	850	31135695	31135695.000	18961	18961.000
1550	0	31135695	31135695.000	21696	21696.000
2000	0	31135695	31135695.000	21897	21897.000
1300	100	31135695	31135695.000	34904	34904.000
950	725	31135695	31135695.000	149437	149437.000
1850	1300	31135695	31135695.000	20906	20906.000
1000	400	31135695	31135695.000	162851	162851.000
1900	1550	31135695	31135695.000	25405	25405.000
2250	400	31135695	31135695.000	20188	20188.000
1600	650	31135695	31135695.000	17694	17694.000
2150	1450	31135695	31135695.000	18400	18400.000
2150	500	31135695	31135695.000	22506	22506.000
2200	1550	31135695	31135695.000	17480	17480.000
2250	1300	31135695	31135695.000	22065	22065.000
1700	1400	31135695	31135695.000	20211	20211.000
2100	200	31135695	31135695.000	16918	16918.000
850	300	31135695	31135695.000	147701	147701.000
900	200	31135695	31135695.000	149157	149157.000
2100	0	31135695	31135695.000	20243	20243.000
1850	100	31135695	31135695.000	22298	22298.000
1250	450	31135695	31135695.000	50872	50872.000
900	550	31135695	31135695.000	160765	160765.000
950	650	31135695	31135695.000	150720	150720.000
2150	1000	31135695	31135695.000	17318	17318.000
1750	1300	31135695	31135695.000	20330	20330.000
1550	400	31135695	31135695.000	22037	22037.000
700	400	31135695	31135695.000	156282	156282.000
1050	700	31135695	31135695.000	155634	155634.000
1950	600	31135695	31135695.000	18498	18498.000
1400	600	31135695	31135695.000	20667	20667.000
1900	1450	31135695	31135695.000	18611	18611.000
1000	100	31135695	31135695.000	154586	154586.000
2000	300	31135695	31135695.000	21714	21714.000
1350	750	31135695	31135695.000	28576	28576.000
1450	200	31135695	31135695.000	24211	24211.000
1600	0	31135695	31135695.000	21960	21960.000
2000	900	31135695	31135695.000	20259	20259.000
2200	1500	31135695	31135695.000	19597	19597.000
1450	1100	31135695	31135695.000	18551	18551.000
1500	200	31135695	31135695.000	23403	23403.000
700	450	31135695	31135695.000	151559	151559.000
1250	950	31135695	31135695.000	54749	54749.000
2250	500	31135695	31135695.000	25779	25779.000
1500	1275	31135695	31135695.000	20473	20473.000
1500	800	31135695	31135695.000	18432	18432.000
2050	0	31135695	31135695.000	21750	21750.000
1500	1100	31135695	31135695.000	20313	20313.000
1950	1350	31135695	31135695.000	17959	17959.000
2200	1600	31135695	31135695.000	22958	22958.000
1950	1050	31135695	31135695.000	20940	20940.000
1150	800	31135695	31135695.000	93259	93259.000
1800	1100	31135695	31135695.000	21104	21104.000
1350	700	31135695	31135695.000	29146	29146.000
1650	1250	31135695	31135695.000	20344	20344.000
1150	925	31135695	31135695.000	96341	96341.000
1100	600	31135695	31135695.000	138216	138216.000
1500	500	31135695	31135695.000	15229	15229.000
1600	1150	31135695	31135695.000	18289	18289.000
1150	550	31135695	31135695.000	100870	100870.000
900	350	31135695	31135695.000	144513	144513.000
1200	550	31135695	31135695.000	71353	71353.000
2300	1500	31135695	31135695.000	20317	20317.000
2050	700	31135695	31135695.000	20854	20854.000
1250	550	31135695	31135695.000	56928	56928.000
1950	1300	31135695	31135695.000	23878	23878.000
2050	1150	31135695	31135695.000	21013	21013.000
1550	300	31135695	31135695.000	20863	20863.000
1600	400	31135695	31135695.000	20209	20209.000
1950	400	31135695	31135695.000	18593	18593.000
1700	1475	31135695	31135695.000	19533	19533.000
1000	700	31135695	31135695.000	154650	154650.000
1350	1100	31135695	31135695.000	29506	29506.000
1800	1200	31135695	31135695.000	19009	19009.000
1350	200	31135695	31135695.000	33435	33435.000
1700	200	31135695	31135695.000	19430	19430.000
1650	600	31135695	31135695.000	17865	17865.000
1600	500	31135695	31135695.000	21008	21008.000
1200	450	31135695	31135695.000	65725	65725.000
750	525	31135695	31135695.000	155748	155748.000
1700	1100	31135695	31135695.000	19309	19309.000
1750	200	31135695	31135695.000	19230	19230.000
1950	500	31135695	31135695.000	17715	17715.000
1150	900	31135695	31135695.000	96003	96003.000
2000	1400	31135695	31135695.000	25486	25486.000
1050	825	31135695	31135695.000	156042	156042.000
1650	800	31135695	31135695.000	17658	17658.000
950	450	31135695	31135695.000	152649	152649.000
800	500	31135695	31135695.000	147281	147281.000
1850	800	31135695	31135695.000	22209	22209.000
1000	200	31135695	31135695.000	149292	149292.000
1200	975	31135695	31135695.000	74645	74645.000
750	500	31135695	31135695.000	155537	155537.000
1400	800	31135695	31135695.000	20640	20640.000
2050	100	31135695	31135695.000	19902	19902.000
1450	1225	31135695	31135695.000	20025	20025.000
1400	500	31135695	31135695.000	26501	26501.000
2250	200	31135695	31135695.000	19737	19737.000
2000	600	31135695	31135695.000	22722	22722.000
1950	0	31135695	31135695.000	21663	21663.000
1550	1150	31135695	31135695.000	22025	22025.000
1900	0	31135695	31135695.000	16778	16778.000
1950	1000	31135695	31135695.000	15267	15267.000
1850	1100	31135695	31135695.000	19517	19517.000
2150	100	31135695	31135695.000	18159	18159.000
1150	850	31135695	31135695.000	96656	96656.000
1350	850	31135695	31135695.000	28694	28694.000
1950	1550	31135695	31135695.000	19287	19287.000
1750	300	31135695	31135695.000	23875	23875.000
2100	500	31135695	31135695.000	18603	18603.000
1600	1100	31135695	31135695.000	20508	20508.000
1850	1550	31135695	31135695.000	16221	16221.000
1450	0	31135695	31135695.000	18841	18841.000
1750	1525	31135695	31135695.000	16125	16125.000
1450	900	31135695	31135695.000	22340	22340.000
1900	1100	31135695	31135695.000	20202	20202.000
1450	1200	31135695	31135695.000	21157	21157.000
1100	300	31135695	31135695.000	134287	134287.000
1350	800	31135695	31135695.000	28286	28286.000
1550	1325	31135695	31135695.000	20408	20408.000
1900	100	31135695	31135695.000	20136	20136.000
1850	900	31135695	31135695.000	15600	15600.000
1550	1250	31135695	31135695.000	19669	19669.000
1850	300	31135695	31135695.000	24344	24344.000
1300	400	31135695	31135695.000	39835	39835.000
2250	900	31135695	31135695.000	18816	18816.000
1500	400	31135695	31135695.000	20093	20093.000
1800	300	31135695	31135695.000	19589	19589.000
1500	700	31135695	31135695.000	21381	21381.000
1550	1050	31135695	31135695.000	18140	18140.000
1750	1000	31135695	31135695.000	18905	18905.000
1650	850	31135695	31135695.000	19556	19556.000
900	450	31135695	31135695.000	149881	149881.000
850	350	31135695	31135695.000	143791	143791.000
1200	300	31135695	31135695.000	67936	67936.000
1600	200	31135695	31135695.000	19684	19684.000
1250	850	31135695	31135695.000	54948	54948.000
1300	450	31135695	31135695.000	35521	35521.000
1250	900	31135695	31135695.000	50913	50913.000
1650	1200	31135695	31135695.000	19627	19627.000
1500	750	31135695	31135695.000	18937	18937.000
1500	650	31135695	31135695.000	20465	20465.000
1400	1150	31135695	31135695.000	20640	20640.000
2300	1600	31135695	31135695.000	21941	21941.000
2100	600	31135695	31135695.000	22895	22895.000
1400	550	31135695	31135695.000	23520	23520.000
2100	1000	31135695	31135695.000	18231	18231.000
1100	850	31135695	31135695.000	135991	135991.000
1850	1150	31135695	31135695.000	19037	19037.000
650	425	31135695	31135695.000	225022	225022.000
1450	1150	31135695	31135695.000	21294	21294.000
1650	400	31135695	31135695.000	20105	20105.000
950	300	31135695	31135695.000	147729	147729.000
2200	400	31135695	31135695.000	20496	20496.000
600	100	31135695	31135695.000	377325	377325.000
1750	850	31135695	31135695.000	20323	20323.000
1900	400	31135695	31135695.000	20730	20730.000
1800	1350	31135695	31135695.000	17775	17775.000
2100	300	31135695	31135695.000	19659	19659.000
1150	300	31135695	31135695.000	102010	102010.000
1400	1100	31135695	31135695.000	21366	21366.000
1650	900	31135695	31135695.000	17895	17895.000
1200	800	31135695	31135695.000	73344	73344.000
700	475	31135695	31135695.000	145328	145328.000
1950	900	31135695	31135695.000	17539	17539.000
1350	1050	31135695	31135695.000	26112	26112.000
1050	300	31135695	31135695.000	142762	142762.000
1750	1150	31135695	31135695.000	19750	19750.000
1300	1050	31135695	31135695.000	41025	41025.000
1750	1450	31135695	31135695.000	20536	20536.000
2050	1500	31135695	31135695.000	21881	21881.000
1600	1350	31135695	31135695.000	18888	18888.000
1600	1300	31135695	31135695.000	21165	21165.000
2150	0	31135695	31135695.000	20934	20934.000
850	625	31135695	31135695.000	155597	155597.000
1650	1300	31135695	31135695.000	21504	21504.000
2200	900	31135695	31135695.000	20894	20894.000
950	700	31135695	31135695.000	143381	143381.000
750	400	31135695	31135695.000	156752	156752.000
1200	100	31135695	31135695.000	63843	63843.000
1900	300	31135695	31135695.000	21667	21667.000
1800	1450	31135695	31135695.000	19253	19253.000
1900	500	31135695	31135695.000	19499	19499.000
1700	950	31135695	31135695.000	16220	16220.000
1300	200	31135695	31135695.000	41685	41685.000
2200	600	31135695	31135695.000	20950	20950.000
2000	1550	31135695	31135695.000	22280	22280.000
2300	1350	31135695	31135695.000	20780	20780.000
900	400	31135695	31135695.000	152030	152030.000
800	450	31135695	31135695.000	152789	152789.000
1650	0	31135695	31135695.000	23032	23032.000
1400	0	31135695	31135695.000	22691	22691.000
1000	450	31135695	31135695.000	150970	150970.000
2150	1300	31135695	31135695.000	17001	17001.000
1600	750	31135695	31135695.000	20792	20792.000
1550	1300	31135695	31135695.000	19356	19356.000
1350	650	31135695	31135695.000	27737	27737.000
1200	950	31135695	31135695.000	71262	71262.000
2100	1500	31135695	31135695.000	21070	21070.000
1400	450	31135695	31135695.000	18958	18958.000
1900	1000	31135695	31135695.000	16820	16820.000
2050	900	31135695	31135695.000	23021	23021.000
600	350	31135695	31135695.000	358421	358421.000
2050	1350	31135695	31135695.000	22927	22927.000
1100	550	31135695	31135695.000	134472	134472.000
1700	1200	31135695	31135695.000	22689	22689.000
1850	200	31135695	31135695.000	17548	17548.000
1100	100	31135695	31135695.000	148570	148570.000
1300	550	31135695	31135695.000	38952	38952.000
950	550	31135695	31135695.000	158958	158958.000
1750	1200	31135695	31135695.000	20415	20415.000
2000	1150	31135695	31135695.000	20775	20775.000
2250	1250	31135695	31135695.000	21253	21253.000
1250	400	31135695	31135695.000	48434	48434.000
2200	1000	31135695	31135695.000	20370	20370.000
950	600	31135695	31135695.000	152214	152214.000
750	350	31135695	31135695.000	142166	142166.000
1450	650	31135695	31135695.000	19312	19312.000
1500	950	31135695	31135695.000	18756	18756.000
2250	1500	31135695	31135695.000	20198	20198.000
1250	650	31135695	31135695.000	49820	49820.000
1450	750	31135695	31135695.000	19547	19547.000
1000	775	31135695	31135695.000	148289	148289.000
1450	950	31135695	31135695.000	19780	19780.000
900	650	31135695	31135695.000	149131	149131.000
2250	1200	31135695	31135695.000	21563	21563.000
2000	1300	31135695	31135695.000	21666	21666.000
1650	100	31135695	31135695.000	22438	22438.000
1050	450	31135695	31135695.000	157603	157603.000
2150	1250	31135695	31135695.000	22023	22023.000
1550	750	31135695	31135695.000	19533	19533.000
2000	1500	31135695	31135695.000	20806	20806.000
1600	1250	31135695	31135695.000	19106	19106.000
950	500	31135695	31135695.000	141874	141874.000
1300	900	31135695	31135695.000	36370	36370.000
650	400	31135695	31135695.000	226941	226941.000
1900	600	31135695	31135695.000	15907	15907.000
1850	1500	31135695	31135695.000	19946	19946.000
1250	100	31135695	31135695.000	49831	49831.000
850	400	31135695	31135695.000	146440	146440.000
850	550	31135695	31135695.000	162684	162684.000
1300	1000	31135695	31135695.000	42472	42472.000
2100	100	31135695	31135695.000	15883	15883.000
1700	700	31135695	31135695.000	22715	22715.000
2250	100	31135695	31135695.000	17556	17556.000
1750	1350	31135695	31135695.000	18333	18333.000
1550	650	31135695	31135695.000	23469	23469.000
1900	1300	31135695	31135695.000	20939	20939.000
600	300	31135695	31135695.000	378074	378074.000
1200	750	31135695	31135695.000	67184	67184.000
1700	400	31135695	31135695.000	16249	16249.000
1000	750	31135695	31135695.000	149486	149486.000
1400	200	31135695	31135695.000	19389	19389.000
2100	1400	31135695	31135695.000	17895	17895.000
1450	300	31135695	31135695.000	19727	19727.000
1450	600	31135695	31135695.000	22234	22234.000
1500	0	31135695	31135695.000	16286	16286.000
800	350	31135695	31135695.000	146708	146708.000
1500	300	31135695	31135695.000	19624	19624.000
1900	200	31135695	31135695.000	21888	21888.000
2250	700	31135695	31135695.000	22252	22252.000
2050	200	31135695	31135695.000	20650	20650.000
1700	0	31135695	31135695.000	20163	20163.000
1500	900	31135695	31135695.000	18864	18864.000
1750	600	31135695	31135695.000	22663	22663.000
950	400	31135695	31135695.000	143286	143286.000
2100	1450	31135695	31135695.000	21395	21395.000
1800	1000	31135695	31135695.000	20243	20243.000
2150	1550	31135695	31135695.000	23466	23466.000
1800	100	31135695	31135695.000	16114	16114.000
1700	1300	31135695	31135695.000	20235	20235.000
1900	900	31135695	31135695.000	20246	20246.000
1000	0	31135695	31135695.000	145614	145614.000
1750	400	31135695	31135695.000	18895	18895.000
2100	1550	31135695	31135695.000	14970	14970.000
1950	1500	31135695	31135695.000	17852	17852.000
1200	0	31135695	31135695.000	66115	66115.000
1050	650	31135695	31135695.000	152755	152755.000
2250	0	31135695	31135695.000	23911	23911.000
1200	600	31135695	31135695.000	67766	67766.000
2150	1150	31135695	31135695.000	15926	15926.000
2150	1400	31135695	31135695.000	22621	22621.000
2300	600	31135695	31135695.000	20801	20801.000
1700	1050	31135695	31135695.000	21810	21810.000
1750	700	31135695	31135695.000	20003	20003.000
1650	300	31135695	31135695.000	21653	21653.000
1900	800	31135695	31135695.000	21407	21407.000
1700	100	31135695	31135695.000	21354	21354.000
1550	550	31135695	31135695.000	18873	18873.000
800	550	31135695	31135695.000	144975	144975.000
800	400	31135695	31135695.000	153892	153892.000
1800	850	31135695	31135695.000	21872	21872.000
800	100	31135695	31135695.000	148427	148427.000
1850	400	31135695	31135695.000	18898	18898.000
1600	1000	31135695	31135695.000	17724	17724.000
1600	700	31135695	31135695.000	17991	17991.000
1950	1100	31135695	31135695.000	18636	18636.000
1400	1000	31135695	31135695.000	21058	21058.000
1550	1200	31135695	31135695.000	22466	22466.000
1800	1550	31135695	31135695.000	20893	20893.000
1400	400	31135695	31135695.000	22116	22116.000
1950	1250	31135695	31135695.000	21548	21548.000
1950	200	31135695	31135695.000	17725	17725.000
2300	1000	31135695	31135695.000	14829	14829.000
2300	900	31135695	31135695.000	22493	22493.000
2050	1100	31135695	31135695.000	22313	22313.000
2250	1600	31135695	31135695.000	17561	17561.000
2050	1550	31135695	31135695.000	20582	20582.000
2250	1350	31135695	31135695.000	21566	21566.000
1700	800	31135695	31135695.000	18587	18587.000
1750	1400	31135695	31135695.000	20025	20025.000
2000	1600	31135695	31135695.000	22866	22866.000
1700	1000	31135695	31135695.000	18694	18694.000
1250	800	31135695	31135695.000	53271	53271.000
2200	1250	31135695	31135695.000	15493	15493.000
1200	500	31135695	31135695.000	71698	71698.000
1900	700	31135695	31135695.000	21409	21409.000
1700	1150	31135695	31135695.000	20505	20505.000
1550	950	31135695	31135695.000	20231	20231.000
1300	500	31135695	31135695.000	40019	40019.000
1450	100	31135695	31135695.000	21105	21105.000
1750	500	31135695	31135695.000	20087	20087.000
1450	400	31135695	31135695.000	21428	21428.000
1850	1250	31135695	31135695.000	23053	23053.000
2250	800	31135695	31135695.000	24216	24216.000
700	200	31135695	31135695.000	151804	151804.000
2000	1200	31135695	31135695.000	19852	19852.000
1000	300	31135695	31135695.000	152061	152061.000
2100	1250	31135695	31135695.000	17576	17576.000
1650	750	31135695	31135695.000	23003	23003.000
1550	1100	31135695	31135695.000	19792	19792.000
1600	1200	31135695	31135695.000	24446	24446.000
2200	1100	31135695	31135695.000	21909	21909.000
1750	1500	31135695	31135695.000	24297	24297.000
2050	1050	31135695	31135695.000	19246	19246.000
2150	1350	31135695	31135695.000	21106	21106.000
1050	600	31135695	31135695.000	158862	158862.000
1750	1250	31135695	31135695.000	22174	22174.000
1200	650	31135695	31135695.000	61015	61015.000
850	450	31135695	31135695.000	150964	150964.000
850	600	31135695	31135695.000	146192	146192.000
1250	350	31135695	31135695.000	54571	54571.000
650	300	31135695	31135695.000	216316	216316.000
1700	300	31135695	31135695.000	24023	24023.000
1650	700	31135695	31135695.000	19015	19015.000
1150	600	31135695	31135695.000	101139	101139.000
700	300	31135695	31135695.000	144092	144092.000
1500	550	31135695	31135695.000	19454	19454.000
1100	0	31135695	31135695.000	133244	133244.000
1700	1350	31135695	31135695.000	21725	21725.000
1550	850	31135695	31135695.000	20129	20129.000
1400	1050	31135695	31135695.000	22974	22974.000
1950	950	31135695	31135695.000	21210	21210.000
1400	750	31135695	31135695.000	19666	19666.000
2100	700	31135695	31135695.000	22122	22122.000
1100	350	31135695	31135695.000	128877	128877.000
2150	1100	31135695	31135695.000	22845	22845.000
1850	1350	31135695	31135695.000	18733	18733.000
1800	900	31135695	31135695.000	22524	22524.000
700	350	31135695	31135695.000	144991	144991.000
1150	750	31135695	31135695.000	93648	93648.000
2300	400	31135695	31135695.000	21012	21012.000
1800	0	31135695	31135695.000	19650	19650.000
1250	500	31135695	31135695.000	51790	51790.000
800	300	31135695	31135695.000	153374	153374.000
2100	1100	31135695	31135695.000	18732	18732.000
1700	1250	31135695	31135695.000	25276	25276.000
1000	500	31135695	31135695.000	142444	142444.000
1050	750	31135695	31135695.000	158695	158695.000
1800	1250	31135695	31135695.000	19828	19828.000
1900	1400	31135695	31135695.000	21396	21396.000
2150	800	31135695	31135695.000	19722	19722.000
2150	400	31135695	31135695.000	20463	20463.000
1150	700	31135695	31135695.000	99526	99526.000
1800	950	31135695	31135695.000	17679	17679.000
2300	1200	31135695	31135695.000	20917	20917.000
2150	600	31135695	31135695.000	13634	13634.000
2050	400	31135695	31135695.000	23656	23656.000
2000	1450	31135695	31135695.000	21801	21801.000
2200	0	31135695	31135695.000	23184	23184.000
2050	1000	31135695	31135695.000	20952	20952.000
1750	1050	31135695	31135695.000	24816	24816.000
2050	1300	31135695	31135695.000	19487	19487.000
1350	350	31135695	31135695.000	30116	30116.000
1300	650	31135695	31135695.000	41532	41532.000
2200	300	31135695	31135695.000	21444	21444.000
1100	400	31135695	31135695.000	122316	122316.000
1650	1000	31135695	31135695.000	19868	19868.000
1800	1050	31135695	31135695.000	21368	21368.000
1800	400	31135695	31135695.000	20972	20972.000
750	300	31135695	31135695.000	148789	148789.000
900	300	31135695	31135695.000	152451	152451.000
1350	300	31135695	31135695.000	29158	29158.000
2200	800	31135695	31135695.000	17519	17519.000
1650	950	31135695	31135695.000	17393	17393.000
2150	700	31135695	31135695.000	20510	20510.000
1000	650	31135695	31135695.000	146711	146711.000
1800	500	31135695	31135695.000	19092	19092.000
2300	700	31135695	31135695.000	23620	23620.000
2000	400	31135695	31135695.000	16897	16897.000
1400	1175	31135695	31135695.000	21313	21313.000
700	0	31135695	31135695.000	149784	149784.000
1400	950	31135695	31135695.000	19213	19213.000
2050	500	31135695	31135695.000	23990	23990.000
1750	0	31135695	31135695.000	21322	21322.000
1350	1000	31135695	31135695.000	31828	31828.000
1550	700	31135695	31135695.000	21941	21941.000
1200	400	31135695	31135695.000	72607	72607.000
2300	1400	31135695	31135695.000	19043	19043.000
1850	1600	31135695	31135695.000	25236	25236.000
1750	950	31135695	31135695.000	18719	18719.000
2050	1450	31135695	31135695.000	20597	20597.000
1850	1000	31135695	31135695.000	20866	20866.000
2000	800	31135695	31135695.000	21428	21428.000
2300	1550	31135695	31135695.000	20710	20710.000
800	575	31135695	31135695.000	152170	152170.000
1850	1450	31135695	31135695.000	16866	16866.000
1100	500	31135695	31135695.000	142647	142647.000
2250	1450	31135695	31135695.000	19188	19188.000
2200	1200	31135695	31135695.000	19819	19819.000
1700	750	31135695	31135695.000	22789	22789.000
1250	0	31135695	31135695.000	51264	51264.000
1250	600	31135695	31135695.000	57861	57861.000
1500	1050	31135695	31135695.000	20901	20901.000
1450	450	31135695	31135695.000	20816	20816.000
1350	550	31135695	31135695.000	28581	28581.000
2000	1250	31135695	31135695.000	23780	23780.000
2300	0	31135695	31135695.000	19362	19362.000
1300	1075	31135695	31135695.000	37887	37887.000
1550	100	31135695	31135695.000	18279	18279.000
1000	550	31135695	31135695.000	144744	144744.000
1800	600	31135695	31135695.000	22348	22348.000
1700	1450	31135695	31135695.000	20861	20861.000
1900	1600	31135695	31135695.000	26248	26248.000
2200	1350	31135695	31135695.000	20565	20565.000
1800	1500	31135695	31135695.000	21939	21939.000
1550	600	31135695	31135695.000	19934	19934.000
1050	350	31135695	31135695.000	150357	150357.000
2150	300	31135695	31135695.000	19491	19491.000
1250	750	31135695	31135695.000	53068	53068.000
850	500	31135695	31135695.000	146062	146062.000
2100	800	31135695	31135695.000	20592	20592.000
600	0	31135695	31135695.000	369781	369781.000
1850	500	31135695	31135695.000	23052	23052.000
1800	1150	31135695	31135695.000	21753	21753.000
1050	800	31135695	31135695.000	153937	153937.000
1850	950	31135695	31135695.000	20027	20027.000
2300	1300	31135695	31135695.000	18245	18245.000
1750	800	31135695	31135695.000	21625	21625.000
2300	100	31135695	31135695.000	21999	21999.000
1400	700	31135695	31135695.000	21337	21337.000
1200	200	31135695	31135695.000	75121	75121.000
1600	850	31135695	31135695.000	18022	18022.000
1400	100	31135695	31135695.000	23366	23366.000
1350	500	31135695	31135695.000	29743	29743.000
800	0	31135695	31135695.000	152557	152557.000
2000	500	31135695	31135695.000	22537	22537.000
1900	1500	31135695	31135695.000	18080	18080.000
1450	700	31135695	31135695.000	21529	21529.000
1950	1600	31135695	31135695.000	23422	23422.000
1450	1000	31135695	31135695.000	19339	19339.000
1500	100	31135695	31135695.000	21254	21254.000
1300	950	31135695	31135695.000	37533	37533.000
1750	1100	31135695	31135695.000	20022	20022.000
1250	1025	31135695	31135695.000	53056	53056.000
1500	1000	31135695	31135695.000	19044	19044.000
1600	1375	31135695	31135695.000	20963	20963.000
1100	650	31135695	31135695.000	126747	126747.000
1650	650	31135695	31135695.000	21052	21052.000
1100	200	31135695	31135695.000	145744	145744.000
1350	900	31135695	31135695.000	29784	29784.000
2250	1000	31135695	31135695.000	18222	18222.000
1950	1150	31135695	31135695.000	22075	22075.000
1750	900	31135695	31135695.000	24191	24191.000
2300	500	31135695	31135695.000	20944	20944.000
2050	600	31135695	31135695.000	22769	22769.000
1400	900	31135695	31135695.000	18972	18972.000
1400	850	31135695	31135695.000	21585	21585.000
1350	100	31135695	31135695.000	30370	30370.000
1750	100	31135695	31135695.000	23797	23797.000
1200	350	31135695	31135695.000	69625	69625.000
1300	0	31135695	31135695.000	37495	37495.000
1950	300	31135695	31135695.000	17793	17793.000
1950	1200	31135695	31135695.000	19955	19955.000
1800	700	31135695	31135695.000	21822	21822.000
1650	200	31135695	31135695.000	19664	19664.000
900	0	31135695	31135695.000	146551	146551.000
900	100	31135695	31135695.000	157203	157203.000
1650	1100	31135695	31135695.000	20289	20289.000
1250	1000	31135695	31135695.000	49077	49077.000
2000	1000	31135695	31135695.000	15497	15497.000
2200	1400	31135695	31135695.000	18660	18660.000
1850	1200	31135695	31135695.000	18991	18991.000
1700	500	31135695	31135695.000	20942	20942.000
1100	700	31135695	31135695.000	129116	129116.000
2300	200	31135695	31135695.000	21372	21372.000
650	350	31135695	31135695.000	231744	231744.000
1100	750	31135695	31135695.000	123570	123570.000
2200	200	31135695	31135695.000	20949	20949.000
2250	600	31135695	31135695.000	21158	21158.000
1850	0	31135695	31135695.000	17448	17448.000
2000	100	31135695	31135695.000	20983	20983.000
1650	1050	31135695	31135695.000	22667	22667.000
1900	950	31135695	31135695.000	25568	25568.000
1000	350	31135695	31135695.000	145852	145852.000
2200	500	31135695	31135695.000	17445	17445.000
2050	300	31135695	31135695.000	18857	18857.000
1800	1575	31135695	31135695.000	17522	17522.000
1400	300	31135695	31135695.000	23180	23180.000
