#mGo	mLSP\ISRweight\ISRweight_up\ISRweight_down
1800	200	1.161147	1.074582	1.262881
600	200	1.132148	1.061988	1.212235
1950	800	1.137932	1.064526	1.222212
1850	1400	1.115046	1.054401	1.183093
1150	450	1.141316	1.066006	1.228077
2250	300	1.165921	1.076622	1.271372
2250	1100	1.133849	1.062737	1.215161
1300	700	1.133922	1.062769	1.215287
1250	300	1.149723	1.069660	1.242741
600	375	1.147067	1.068509	1.238094
1600	100	1.166231	1.076754	1.271927
1050	400	1.141156	1.065936	1.227798
2000	700	1.143227	1.066838	1.231399
1200	850	1.128754	1.060492	1.206408
2100	400	1.156875	1.072746	1.255322
2050	1600	1.107469	1.051000	1.170350
2100	1300	1.122998	1.057944	1.196577
2200	1450	1.120422	1.056798	1.192199
1950	1450	1.113067	1.053514	1.179756
1150	400	1.142686	1.066603	1.230456
1450	800	1.132794	1.062273	1.213345
2000	1100	1.128428	1.060348	1.205850
1300	750	1.133159	1.062433	1.213973
1350	1125	1.140952	1.065848	1.227443
1850	850	1.136033	1.063695	1.218926
1800	1300	1.117714	1.055592	1.187605
1100	800	1.137907	1.064516	1.222167
1900	1050	1.129025	1.060611	1.206873
1850	700	1.141584	1.066123	1.228542
1300	800	1.129317	1.060741	1.207373
2100	1350	1.119318	1.056307	1.190324
900	675	1.151271	1.070331	1.245455
1650	1150	1.121159	1.057127	1.193448
1950	1400	1.115913	1.054788	1.184559
1500	600	1.141087	1.065906	1.227678
1600	950	1.128976	1.060590	1.206788
2300	1100	1.134283	1.062926	1.215910
1500	1200	1.126752	1.059608	1.202981
1700	850	1.133691	1.062667	1.214889
950	350	1.140824	1.065791	1.227221
2000	200	1.163843	1.075736	1.267671
2100	1150	1.129430	1.060791	1.207567
1650	1350	1.123363	1.058106	1.197198
1100	875	1.147146	1.068544	1.238230
900	600	1.140214	1.065525	1.226163
1300	850	1.127922	1.060124	1.204983
1050	550	1.135691	1.063545	1.218338
1350	600	1.137315	1.064256	1.221144
2000	1350	1.117836	1.055646	1.187812
700	100	1.141401	1.066042	1.228224
1550	900	1.128679	1.060459	1.206280
1150	350	1.144311	1.067311	1.233284
2100	1600	1.110277	1.052263	1.175062
1500	1250	1.133454	1.062563	1.214482
1400	650	1.133176	1.062440	1.214002
1100	450	1.139427	1.065181	1.224798
2300	300	1.166116	1.076704	1.271723
2150	1500	1.115877	1.054772	1.184497
1800	800	1.137915	1.064519	1.222180
1550	1000	1.126199	1.059362	1.202037
1150	650	1.133094	1.062404	1.213862
1450	1050	1.123609	1.058216	1.197617
1950	100	1.169498	1.078146	1.277763
800	200	1.141345	1.066018	1.228127
1550	200	1.158919	1.073627	1.258933
1300	300	1.149043	1.069366	1.241549
1700	900	1.131381	1.061651	1.210914
1900	1350	1.116676	1.055128	1.185848
1200	700	1.132172	1.061999	1.212275
1350	950	1.125495	1.059051	1.200835
2050	1200	1.126307	1.059410	1.202221
2100	900	1.137146	1.064182	1.220853
1600	1050	1.124868	1.058773	1.199764
1200	900	1.134948	1.063219	1.217056
2200	700	1.146665	1.068334	1.237390
1300	350	1.147979	1.068905	1.239686
1600	300	1.157456	1.072998	1.256347
1550	800	1.134215	1.062897	1.215792
1600	900	1.130895	1.061436	1.210081
2050	1400	1.116460	1.055032	1.185483
2100	1200	1.126261	1.059390	1.202142
1650	500	1.145741	1.067934	1.235778
900	500	1.134642	1.063084	1.216528
1600	600	1.142443	1.066498	1.230033
2150	200	1.169561	1.078172	1.277878
1650	1400	1.129744	1.060929	1.208106
1900	1200	1.123639	1.058228	1.197669
1950	700	1.141909	1.066265	1.229104
1350	450	1.143318	1.066879	1.231555
1800	1400	1.112837	1.053411	1.179368
1700	600	1.143733	1.067060	1.232277
1900	1250	1.122509	1.057726	1.195746
1300	600	1.136435	1.063871	1.219622
1250	200	1.154125	1.071562	1.250473
1650	1425	1.133690	1.062667	1.214886
2200	100	1.171010	1.078788	1.280474
2250	1550	1.114025	1.053943	1.181372
1150	500	1.138343	1.064707	1.222922
1350	400	1.147141	1.068541	1.238222
1450	500	1.142391	1.066475	1.229942
1000	600	1.132751	1.062253	1.213272
1050	500	1.137450	1.064316	1.221377
2300	1450	1.121430	1.057247	1.193911
2250	1400	1.122335	1.057648	1.195449
1750	750	1.137687	1.064418	1.221787
2050	800	1.139977	1.065421	1.225753
2050	1250	1.123499	1.058165	1.197432
2150	1600	1.111369	1.052753	1.176898
1850	600	1.143760	1.067071	1.232327
1600	800	1.134545	1.063042	1.216359
1250	700	1.133269	1.062481	1.214161
1850	1050	1.129616	1.060872	1.207886
1900	1150	1.125458	1.059034	1.200773
2300	800	1.145370	1.067771	1.235131
1550	500	1.143786	1.067083	1.232371
750	450	1.141606	1.066133	1.228579
2200	1300	1.124663	1.058682	1.199416
2000	1050	1.130947	1.061459	1.210170
1500	850	1.132267	1.062041	1.212437
2150	1200	1.129705	1.060912	1.208038
1500	1150	1.120576	1.056868	1.192457
2150	900	1.138084	1.064593	1.222474
1450	550	1.142748	1.066631	1.230564
1350	0	1.161102	1.074563	1.262801
1450	850	1.132204	1.062013	1.212330
1550	0	1.163010	1.075379	1.266189
2000	0	1.170626	1.078625	1.279785
1300	100	1.160261	1.074201	1.261312
950	725	1.150890	1.070166	1.244786
1850	1300	1.117573	1.055529	1.187367
1000	400	1.138283	1.064680	1.222818
1900	1550	1.110069	1.052169	1.174713
2250	400	1.161569	1.074762	1.263631
1600	650	1.140593	1.065691	1.226821
2150	1450	1.115763	1.054720	1.184305
2150	500	1.156032	1.072384	1.253834
2200	1550	1.115820	1.054746	1.184402
2250	1300	1.127377	1.059883	1.204052
1700	1400	1.124137	1.058449	1.198517
2100	200	1.166688	1.076949	1.272742
850	300	1.139377	1.065159	1.224712
900	200	1.144439	1.067367	1.233508
2100	0	1.172033	1.079223	1.282308
1850	100	1.166827	1.077009	1.272989
1250	450	1.141845	1.066236	1.228995
900	550	1.133497	1.062581	1.214555
950	650	1.140197	1.065517	1.226134
2150	1000	1.137615	1.064388	1.221663
1750	1300	1.118166	1.055795	1.188370
1550	400	1.149098	1.069390	1.241645
700	400	1.139880	1.065379	1.225584
1050	700	1.130941	1.061457	1.210161
1950	600	1.145348	1.067762	1.235094
1400	600	1.138699	1.064862	1.223538
1900	1450	1.112018	1.053044	1.177988
1000	100	1.153237	1.071179	1.248910
2000	300	1.162566	1.075189	1.265400
1350	750	1.133969	1.062789	1.215367
1450	200	1.158642	1.073507	1.258444
1600	0	1.165770	1.076559	1.271103
2000	900	1.136576	1.063934	1.219865
2200	1500	1.116966	1.055258	1.186340
1450	1100	1.120796	1.056966	1.192832
1500	200	1.160955	1.074499	1.262541
700	450	1.145641	1.067890	1.235603
1250	950	1.133579	1.062618	1.214695
2250	500	1.156234	1.072471	1.254191
1500	1275	1.137915	1.064521	1.222178
1500	800	1.133780	1.062706	1.215044
2050	0	1.171942	1.079184	1.282145
1500	1100	1.121018	1.057064	1.193210
1950	1350	1.118644	1.056006	1.189181
2200	1600	1.110779	1.052487	1.175907
1950	1050	1.128936	1.060572	1.206721
1150	800	1.128490	1.060376	1.205957
1800	1100	1.125934	1.059246	1.201584
1350	700	1.134387	1.062972	1.216088
1650	1250	1.117107	1.055322	1.186577
1150	925	1.145753	1.067939	1.235798
1100	600	1.134560	1.063048	1.216387
1500	500	1.144446	1.067369	1.233520
1600	1150	1.121214	1.057151	1.193541
1150	550	1.138255	1.064668	1.222769
900	350	1.139171	1.065069	1.224354
1200	550	1.137384	1.064287	1.221262
2300	1500	1.117969	1.055705	1.188037
2050	700	1.144750	1.067502	1.234052
1250	550	1.138888	1.064945	1.223865
1950	1300	1.120175	1.056689	1.191778
2050	1150	1.129547	1.060841	1.207770
1550	300	1.154516	1.071731	1.251160
1600	400	1.149075	1.069380	1.241605
1950	400	1.157589	1.073055	1.256581
1700	1475	1.131043	1.061502	1.210334
1000	700	1.138921	1.064960	1.223922
1350	1100	1.139061	1.065021	1.224165
1800	1200	1.120674	1.056911	1.192625
1350	200	1.156946	1.072778	1.255447
1700	200	1.162429	1.075130	1.265160
1650	600	1.142549	1.066544	1.230219
1600	500	1.146151	1.068111	1.236493
1200	450	1.141862	1.066244	1.229023
750	525	1.150902	1.070171	1.244808
1700	1100	1.122106	1.057548	1.195058
1750	200	1.162837	1.075305	1.265882
1950	500	1.150355	1.069934	1.243847
1150	900	1.141922	1.066272	1.229128
2000	1400	1.116529	1.055063	1.185600
1050	825	1.148655	1.069198	1.240869
1650	800	1.134946	1.063219	1.217052
950	450	1.136492	1.063896	1.219721
800	500	1.140824	1.065791	1.227222
1850	800	1.137176	1.064196	1.220902
1000	200	1.147371	1.068641	1.238625
1200	975	1.144898	1.067567	1.234305
750	500	1.146966	1.068466	1.237917
1400	800	1.132942	1.062338	1.213598
2050	100	1.170521	1.078581	1.279597
1450	1225	1.138660	1.064846	1.223470
1400	500	1.141660	1.066157	1.228672
2250	200	1.170327	1.078497	1.279252
2000	600	1.146404	1.068221	1.236935
1950	0	1.168101	1.077552	1.275264
1550	1150	1.119219	1.056263	1.190155
1900	0	1.169424	1.078115	1.277632
1950	1000	1.132634	1.062202	1.213071
1850	1100	1.126340	1.059425	1.202277
2150	100	1.170579	1.078606	1.279699
1150	850	1.135926	1.063648	1.218743
1350	850	1.128647	1.060444	1.206225
1950	1550	1.110796	1.052496	1.175933
1750	300	1.158152	1.073296	1.257577
2100	500	1.153068	1.071106	1.248613
1600	1100	1.123037	1.057961	1.196644
1850	1550	1.117719	1.055595	1.187612
1450	0	1.162942	1.075350	1.266069
1750	1525	1.129705	1.060912	1.208038
1450	900	1.127484	1.059931	1.204233
1900	1100	1.127926	1.060126	1.204990
1450	1200	1.134776	1.063145	1.216757
1100	300	1.145239	1.067714	1.234902
1350	800	1.130333	1.061188	1.209117
1550	1325	1.135010	1.063247	1.217163
1900	100	1.165933	1.076628	1.271394
1850	900	1.135414	1.063423	1.217861
1550	1250	1.126300	1.059407	1.202209
1850	300	1.159861	1.074030	1.260602
1300	400	1.145274	1.067730	1.234963
2250	900	1.139778	1.065333	1.225410
1500	400	1.149353	1.069501	1.242089
1800	300	1.161512	1.074739	1.263527
1500	700	1.137142	1.064181	1.220845
1550	1050	1.123656	1.058235	1.197698
1750	1000	1.128992	1.060597	1.206817
1650	850	1.134087	1.062841	1.215572
900	450	1.135715	1.063555	1.218379
850	350	1.137174	1.064195	1.220900
1200	300	1.146935	1.068452	1.237863
1600	200	1.158653	1.073511	1.258463
1250	850	1.128123	1.060213	1.205328
1300	450	1.143268	1.066857	1.231470
1250	900	1.125612	1.059103	1.201034
1650	1200	1.119379	1.056334	1.190427
1500	750	1.138059	1.064582	1.222430
1500	650	1.138672	1.064851	1.223492
1400	1150	1.136967	1.064105	1.220541
2300	1600	1.115215	1.054475	1.183379
2100	600	1.147985	1.068907	1.239698
1400	550	1.141683	1.066166	1.228713
2100	1000	1.134471	1.063009	1.216234
1100	850	1.143271	1.066859	1.231472
1850	1150	1.124229	1.058489	1.198675
650	425	1.149046	1.069368	1.241554
1450	1150	1.129163	1.060673	1.207109
1650	400	1.151825	1.070570	1.246429
950	300	1.142120	1.066357	1.229473
2200	400	1.160530	1.074316	1.261789
600	100	1.134614	1.063072	1.216481
1750	850	1.135900	1.063636	1.218698
1900	400	1.155678	1.072232	1.253210
1800	1350	1.115616	1.054655	1.184057
2100	300	1.161605	1.074778	1.263694
1150	300	1.147629	1.068753	1.239076
1400	1100	1.129907	1.061001	1.208385
1650	900	1.133809	1.062719	1.215092
1200	800	1.127968	1.060145	1.205062
700	475	1.149503	1.069565	1.242354
1950	900	1.136213	1.063773	1.219240
1350	1050	1.130862	1.061422	1.210023
1050	300	1.144135	1.067235	1.232979
1750	1150	1.122994	1.057943	1.196570
1300	1050	1.138721	1.064874	1.223575
1750	1450	1.118996	1.056164	1.189777
2050	1500	1.114890	1.054331	1.182830
1600	1350	1.131068	1.061513	1.210378
1600	1300	1.124120	1.058442	1.198488
2150	0	1.171507	1.079000	1.281363
850	625	1.151331	1.070357	1.245560
1650	1300	1.115878	1.054773	1.184498
2200	900	1.138057	1.064581	1.222427
950	700	1.145449	1.067806	1.235268
750	400	1.134027	1.062814	1.215468
1200	100	1.157965	1.073215	1.257246
1900	300	1.160696	1.074389	1.262081
1800	1450	1.111683	1.052894	1.177426
1900	500	1.149658	1.069633	1.242625
1700	950	1.130337	1.061190	1.209124
1300	200	1.156927	1.072770	1.255412
2200	600	1.152200	1.070731	1.247087
2000	1550	1.109563	1.051942	1.173863
2300	1350	1.124575	1.058643	1.199265
900	400	1.137761	1.064452	1.221914
800	450	1.133696	1.062668	1.214898
1650	0	1.165310	1.076363	1.270283
1400	0	1.164242	1.075906	1.268381
1000	450	1.137414	1.064300	1.221314
2150	1300	1.123473	1.058153	1.197387
1600	750	1.137186	1.064200	1.220920
1550	1300	1.130491	1.061259	1.209387
1350	650	1.136957	1.064100	1.220524
1200	950	1.140201	1.065520	1.226141
2100	1500	1.112144	1.053100	1.178201
1400	450	1.144618	1.067445	1.233819
1900	1000	1.131500	1.061702	1.211121
2050	900	1.138118	1.064608	1.222534
600	350	1.142973	1.066728	1.230955
2050	1350	1.120655	1.056903	1.192593
1100	550	1.135525	1.063472	1.218051
1700	1200	1.119706	1.056480	1.190981
1850	200	1.164253	1.075911	1.268401
1100	100	1.155985	1.072364	1.253749
1300	550	1.139278	1.065116	1.224540
950	550	1.134090	1.062842	1.215577
1750	1200	1.119558	1.056414	1.190731
2000	1150	1.127918	1.060123	1.204976
2250	1250	1.128128	1.060215	1.205336
1250	400	1.143734	1.067060	1.232280
2200	1000	1.136748	1.064009	1.220163
950	600	1.131976	1.061912	1.211939
750	350	1.135627	1.063516	1.218227
1450	650	1.136469	1.063887	1.219681
1500	950	1.126966	1.059702	1.203347
2250	1500	1.118103	1.055766	1.188263
1250	650	1.132902	1.062319	1.213531
1450	750	1.133067	1.062393	1.213814
1000	775	1.148803	1.069262	1.241128
1450	950	1.126461	1.059479	1.202484
900	650	1.145963	1.068029	1.236164
2250	1200	1.131817	1.061842	1.211666
2000	1300	1.120867	1.056997	1.192953
1650	100	1.166138	1.076715	1.271759
1050	450	1.139151	1.065060	1.224321
2150	1250	1.126684	1.059577	1.202867
1550	750	1.133595	1.062623	1.214724
2000	1500	1.111560	1.052839	1.177218
1600	1250	1.117064	1.055302	1.186504
950	500	1.135609	1.063509	1.218196
1300	900	1.127244	1.059824	1.203824
650	400	1.144619	1.067445	1.233822
1900	600	1.147982	1.068906	1.239693
1850	1500	1.110619	1.052416	1.175636
1250	100	1.158819	1.073583	1.258758
850	400	1.136615	1.063950	1.219933
850	550	1.140650	1.065715	1.226919
1300	1000	1.132302	1.062056	1.212499
2100	100	1.169667	1.078219	1.278065
1700	700	1.140656	1.065719	1.226930
2250	100	1.172626	1.079474	1.283373
1750	1350	1.117225	1.055374	1.186776
1550	650	1.139205	1.065083	1.224415
1900	1300	1.116452	1.055029	1.185468
600	300	1.137203	1.064207	1.220949
1200	750	1.130295	1.061172	1.209050
1700	400	1.152674	1.070935	1.247920
1000	750	1.144661	1.067464	1.233893
1400	200	1.156052	1.072393	1.253868
2100	1400	1.117053	1.055297	1.186487
1450	300	1.152858	1.071016	1.248242
1450	600	1.140140	1.065492	1.226036
1500	0	1.164633	1.076073	1.269078
800	350	1.136580	1.063935	1.219873
1500	300	1.154029	1.071522	1.250303
1900	200	1.161673	1.074806	1.263815
2250	700	1.148731	1.069230	1.241004
2050	200	1.167307	1.077213	1.273847
1700	0	1.167139	1.077143	1.273545
1500	900	1.129950	1.061020	1.208458
1750	600	1.145050	1.067633	1.234573
950	400	1.138994	1.064992	1.224049
2100	1450	1.116102	1.054873	1.184878
1800	1000	1.128262	1.060274	1.205567
2150	1550	1.110910	1.052547	1.176125
1800	100	1.166270	1.076772	1.271995
1700	1300	1.116863	1.055213	1.186165
1900	900	1.134443	1.062998	1.216185
1000	0	1.155770	1.072271	1.253372
1750	400	1.152188	1.070727	1.247064
2100	1550	1.112119	1.053090	1.178159
1950	1500	1.110297	1.052272	1.175096
1200	0	1.160543	1.074322	1.261811
1050	650	1.132126	1.061978	1.212196
2250	0	1.174468	1.080253	1.286686
1200	600	1.134919	1.063206	1.217006
2150	1150	1.130243	1.061148	1.208962
2150	1400	1.118723	1.056042	1.189314
2300	600	1.151310	1.070346	1.245524
1700	1050	1.126921	1.059682	1.203271
1750	700	1.137765	1.064455	1.221921
1650	300	1.157626	1.073070	1.256649
1900	800	1.139484	1.065205	1.224898
1700	100	1.166031	1.076671	1.271566
1550	550	1.145181	1.067691	1.234800
800	550	1.146835	1.068408	1.237687
800	400	1.134674	1.063099	1.216584
1800	850	1.134990	1.063237	1.217128
800	100	1.145552	1.067850	1.235448
1850	400	1.154777	1.071844	1.251620
1600	1000	1.126633	1.059556	1.202778
1600	700	1.140467	1.065636	1.226601
1950	1100	1.127620	1.059991	1.204466
1400	1000	1.125545	1.059073	1.200919
1550	1200	1.119731	1.056490	1.191024
1800	1550	1.122185	1.057583	1.195193
1400	400	1.146857	1.068417	1.237726
1950	1250	1.121638	1.057339	1.194262
1950	200	1.165725	1.076539	1.271022
2300	1000	1.137290	1.064245	1.221100
2300	900	1.140395	1.065604	1.226478
2050	1100	1.128555	1.060405	1.206068
2250	1600	1.109954	1.052118	1.174519
2050	1550	1.110419	1.052326	1.175300
2250	1350	1.122764	1.057839	1.196179
1700	800	1.136055	1.063705	1.218966
1750	1400	1.113446	1.053684	1.180395
2000	1600	1.108595	1.051507	1.172238
1700	1000	1.127271	1.059837	1.203871
1250	800	1.129914	1.061004	1.208396
2200	1250	1.126977	1.059706	1.203368
1200	500	1.138585	1.064813	1.223341
1900	700	1.143420	1.066923	1.231734
1700	1150	1.122172	1.057577	1.195170
1550	950	1.126608	1.059543	1.202736
1300	500	1.141379	1.066033	1.228185
1450	100	1.160994	1.074516	1.262611
1750	500	1.148396	1.069086	1.240417
1450	400	1.145372	1.067773	1.235133
1850	1250	1.119001	1.056166	1.189785
2250	800	1.144073	1.067207	1.232872
700	200	1.137563	1.064365	1.221573
2000	1200	1.126554	1.059519	1.202643
1000	300	1.142738	1.066626	1.230548
2100	1250	1.124625	1.058664	1.199351
1650	750	1.138228	1.064656	1.222723
1550	1100	1.121203	1.057146	1.193523
1600	1200	1.120270	1.056732	1.191939
2200	1100	1.131688	1.061785	1.211444
1750	1500	1.125226	1.058932	1.200376
2050	1050	1.130948	1.061460	1.210172
2150	1350	1.121238	1.057161	1.193585
1050	600	1.133446	1.062559	1.214467
1750	1250	1.116826	1.055196	1.186101
1200	650	1.134130	1.062860	1.215645
850	450	1.134729	1.063122	1.216679
850	600	1.146750	1.068372	1.237538
1250	350	1.146269	1.068163	1.236699
650	300	1.131621	1.061756	1.211329
1700	300	1.156857	1.072740	1.255288
1650	700	1.138476	1.064765	1.223151
1150	600	1.134352	1.062957	1.216028
700	300	1.134084	1.062839	1.215567
1500	550	1.142719	1.066619	1.230514
1100	0	1.157681	1.073094	1.256744
1700	1350	1.116250	1.054939	1.185128
1550	850	1.132910	1.062324	1.213545
1400	1050	1.122786	1.057850	1.196217
1950	950	1.132926	1.062330	1.213571
1400	750	1.133589	1.062622	1.214712
2100	700	1.144899	1.067566	1.234312
1100	350	1.142737	1.066626	1.230545
2150	1100	1.130878	1.061428	1.210052
1850	1350	1.116119	1.054880	1.184907
1800	900	1.135366	1.063403	1.217777
700	350	1.132794	1.062272	1.213345
1150	750	1.130184	1.061123	1.208860
2300	400	1.161145	1.074580	1.262879
1800	0	1.167848	1.077443	1.274814
1250	500	1.140196	1.065518	1.226132
800	300	1.137058	1.064144	1.220699
2100	1100	1.129619	1.060875	1.207891
1700	1250	1.119821	1.056532	1.191176
1000	500	1.135809	1.063597	1.218541
1050	750	1.138750	1.064885	1.223627
1800	1250	1.120415	1.056796	1.192185
1900	1400	1.114840	1.054308	1.182746
2150	800	1.144564	1.067421	1.233725
2150	400	1.156850	1.072737	1.255276
1150	700	1.131287	1.061609	1.210754
1800	950	1.131416	1.061665	1.210976
2300	1200	1.131935	1.061894	1.211868
2150	600	1.152054	1.070668	1.246831
2050	400	1.157254	1.072910	1.255990
2000	1450	1.115180	1.054460	1.183320
2200	0	1.168832	1.077862	1.276574
2050	1000	1.134114	1.062853	1.215619
1750	1050	1.126426	1.059463	1.202426
2050	1300	1.121492	1.057275	1.194015
1350	350	1.147463	1.068680	1.238786
1300	650	1.136517	1.063907	1.219765
2200	300	1.162958	1.075357	1.266098
1100	400	1.140881	1.065816	1.227322
1650	1000	1.128344	1.060311	1.205706
1800	1050	1.128440	1.060353	1.205871
1800	400	1.152270	1.070762	1.247209
750	300	1.137160	1.064188	1.220875
900	300	1.141023	1.065878	1.227566
1350	300	1.151361	1.070369	1.245612
2200	800	1.143327	1.066882	1.231572
1650	950	1.129664	1.060895	1.207965
2150	700	1.146563	1.068290	1.237214
1000	650	1.131560	1.061729	1.211223
1800	500	1.147104	1.068525	1.238159
2300	700	1.149704	1.069652	1.242707
2000	400	1.154893	1.071894	1.251825
1400	1175	1.141257	1.065982	1.227972
700	0	1.144183	1.067255	1.233063
1400	950	1.124219	1.058487	1.198656
2050	500	1.152752	1.070970	1.248057
1750	0	1.168645	1.077783	1.276239
1350	1000	1.125386	1.059002	1.200648
1550	700	1.137888	1.064508	1.222133
1200	400	1.142585	1.066560	1.230281
2300	1400	1.124200	1.058477	1.198626
1850	1600	1.123005	1.057947	1.196589
1750	950	1.129730	1.060923	1.208081
2050	1450	1.114375	1.054100	1.181961
1850	1000	1.129199	1.060688	1.207172
2000	800	1.141271	1.065986	1.227999
2300	1550	1.117326	1.055419	1.186947
800	575	1.151476	1.070419	1.245814
1850	1450	1.112446	1.053236	1.178710
1100	500	1.138182	1.064636	1.222642
2250	1450	1.120026	1.056621	1.191525
2200	1200	1.127066	1.059745	1.203520
1700	750	1.136621	1.063953	1.219944
1250	0	1.161611	1.074781	1.263704
1250	600	1.136499	1.063899	1.219733
1500	1050	1.123757	1.058280	1.197871
1450	450	1.145922	1.068011	1.236095
1350	550	1.140074	1.065463	1.225920
2000	1250	1.123098	1.057988	1.196748
2300	0	1.174398	1.080224	1.286559
1300	1075	1.143154	1.066808	1.231270
1550	100	1.162491	1.075157	1.265268
1000	550	1.135013	1.063247	1.217169
1800	600	1.145718	1.067923	1.235738
1700	1450	1.127955	1.060139	1.205039
1900	1600	1.114903	1.054337	1.182852
2200	1350	1.124366	1.058550	1.198909
1800	1500	1.118476	1.055933	1.188895
1550	600	1.139504	1.065214	1.224932
1050	350	1.142115	1.066355	1.229464
2150	300	1.162245	1.075051	1.264832
1250	750	1.130412	1.061224	1.209251
850	500	1.133596	1.062625	1.214727
2100	800	1.142359	1.066461	1.229889
600	0	1.137283	1.064242	1.221089
1850	500	1.146444	1.068239	1.237006
1800	1150	1.122493	1.057719	1.195717
1050	800	1.144557	1.067418	1.233712
1850	950	1.133172	1.062439	1.213996
2300	1300	1.127403	1.059895	1.204096
1750	800	1.137429	1.064307	1.221340
2300	100	1.172674	1.079495	1.283460
1400	700	1.134338	1.062951	1.216003
1200	200	1.152796	1.070990	1.248134
1600	850	1.132226	1.062024	1.212367
1400	100	1.161659	1.074801	1.263790
1350	500	1.141074	1.065901	1.227656
800	0	1.148866	1.069288	1.241241
2000	500	1.152112	1.070694	1.246931
1900	1500	1.110910	1.052547	1.176125
1450	700	1.135062	1.063268	1.217252
1950	1600	1.108123	1.051294	1.171447
1450	1000	1.124780	1.058734	1.199615
1500	100	1.163273	1.075492	1.266658
1300	950	1.126062	1.059302	1.201804
1750	1100	1.125748	1.059163	1.201267
1250	1025	1.144448	1.067371	1.233522
1500	1000	1.125143	1.058895	1.200235
1600	1375	1.134239	1.062908	1.215832
1100	650	1.132499	1.062142	1.212838
1650	650	1.140873	1.065812	1.227307
1100	200	1.150147	1.069843	1.243484
1350	900	1.127073	1.059750	1.203531
2250	1000	1.138933	1.064964	1.223945
1950	1150	1.124697	1.058697	1.199473
1750	900	1.130560	1.061288	1.209505
2300	500	1.157181	1.072879	1.255860
2050	600	1.147372	1.068641	1.238626
1400	900	1.126156	1.059344	1.201963
1400	850	1.127956	1.060140	1.205042
1350	100	1.161018	1.074525	1.262654
1750	100	1.166545	1.076889	1.272484
1200	350	1.145821	1.067967	1.235918
1300	0	1.161756	1.074841	1.263963
1950	300	1.160006	1.074092	1.260857
1950	1200	1.123506	1.058168	1.197444
1800	700	1.140764	1.065765	1.227117
1650	200	1.163394	1.075542	1.266873
900	0	1.153215	1.071170	1.248871
900	100	1.150187	1.069861	1.243554
1650	1100	1.122443	1.057698	1.195632
1250	1000	1.139635	1.065273	1.225158
2000	1000	1.131953	1.061902	1.211900
2200	1400	1.121359	1.057215	1.193788
1850	1200	1.120760	1.056949	1.192770
1700	500	1.148483	1.069124	1.240568
1100	700	1.131237	1.061587	1.210669
2300	200	1.169889	1.078312	1.278464
650	350	1.138747	1.064883	1.223620
1100	750	1.129954	1.061022	1.208467
2200	200	1.169820	1.078283	1.278341
2250	600	1.154322	1.071648	1.250819
1850	0	1.167774	1.077413	1.274680
2000	100	1.168040	1.077526	1.275154
1650	1050	1.124467	1.058595	1.199080
1900	950	1.131883	1.061871	1.211778
1000	350	1.140623	1.065703	1.226873
2200	500	1.155300	1.072069	1.252542
2050	300	1.163830	1.075730	1.267647
1800	1575	1.128961	1.060584	1.206762
1400	300	1.154620	1.071776	1.251343
