bin                |  SBin | btagHF     |   btagLF     |   Wxsec     |   Wpol     |   TTVxsec     |   topPt     |   PU     |   JEC     |   DLSlope     |   DLConst  
LT1_HT0_NB1_NJ68 | LT1_HT0_NB1_NJ45f6  |    1.005     |    1.008     |    1.028     |    1.000     |    1.001     |    1.017     |    1.010     |    1.002     |    1.078     |    1.001   
LT1_HT0_NB2_NJ68 | LT1_HT0_NB2i_NJ45f6  |    1.002     |    1.001     |    1.009     |    1.001     |    1.004     |    1.007     |    1.002     |    1.009     |    1.078     |    1.002   
LT1_HT0_NB3i_NJ68 | LT1_HT0_NB2i_NJ45f6  |    1.014     |    1.020     |    1.006     |    1.003     |    1.001     |    1.013     |    1.013     |    1.021     |    1.082     |    1.004   
LT1_HT1i_NB1_NJ68 | LT1_HT1i_NB1_NJ45f6  |    1.003     |    1.005     |    1.018     |    1.002     |    1.004     |    1.022     |    1.014     |    1.009     |    1.058     |    1.012   
LT1_HT1i_NB2_NJ68 | LT1_HT1i_NB2i_NJ45f6  |    1.001     |    1.006     |    1.003     |    1.002     |    1.005     |    1.003     |    1.010     |    1.017     |    1.068     |    1.004   
LT1_HT1i_NB3i_NJ68 | LT1_HT1i_NB2i_NJ45f6  |    1.003     |    1.019     |    1.007     |    1.002     |    1.011     |    1.006     |    1.027     |    1.022     |    1.069     |    1.009   
LT2_HT0_NB1_NJ68 | LT2_HT0_NB1_NJ45f6  |    1.001     |    1.046     |    1.025     |    1.005     |    1.000     |    1.007     |    1.004     |    1.028     |    1.080     |    1.001   
LT2_HT0_NB2_NJ68 | LT2_HT0_NB2i_NJ45f6  |    1.001     |    1.033     |    1.025     |    1.015     |    1.004     |    1.007     |    1.003     |    1.025     |    1.080     |    1.006   
LT2_HT0_NB3i_NJ68 | LT2_HT0_NB2i_NJ45f6  |    1.018     |    1.061     |    1.003     |    1.007     |    1.003     |    1.014     |    1.069     |    1.034     |    1.094     |    1.012   
LT2_HT1i_NB1_NJ68 | LT2_HT1i_NB1_NJ45f6  |    1.010     |    1.025     |    1.028     |    1.003     |    1.005     |    1.016     |    1.014     |    1.008     |    1.071     |    1.007   
LT2_HT1i_NB2_NJ68 | LT2_HT1i_NB2i_NJ45f6  |    1.003     |    1.003     |    1.015     |    1.001     |    1.006     |    1.010     |    1.023     |    1.018     |    1.078     |    1.002   
LT2_HT1i_NB3i_NJ68 | LT2_HT1i_NB2i_NJ45f6  |    1.003     |    1.063     |    1.014     |    1.004     |    1.018     |    1.012     |    1.051     |    1.009     |    1.087     |    1.006   
LT3_HT01_NB1_NJ68 | LT3_HT01_NB1_NJ45f6  |    1.009     |    1.050     |    1.040     |    1.006     |    1.015     |    1.026     |    1.009     |    1.019     |    1.092     |    1.006   
LT3_HT01_NB2i_NJ68 | LT3_HT01_NB2i_NJ45f6  |    1.002     |    1.062     |    1.015     |    1.007     |    1.001     |    1.039     |    1.052     |    1.021     |    1.090     |    1.004   
LT3_HT2i_NB1_NJ68 | LT3_HT2i_NB1i_NJ45f6  |    1.023     |    1.088     |    1.018     |    1.003     |    1.004     |    1.041     |    1.074     |    1.042     |    1.069     |    1.017   
LT3_HT2i_NB2i_NJ68 | LT3_HT2i_NB1i_NJ45f6  |    1.001     |    1.070     |    1.052     |    1.000     |    1.023     |    1.038     |    1.012     |    1.031     |    1.081     |    1.026   
LT4i_HT01_NB1_NJ68 | LT4i_HT01_NB1_NJ45f6  |    1.008     |    1.170     |    1.044     |    1.000     |    1.017     |    1.003     |    1.013     |    1.051     |    1.072     |    1.016   
LT4i_HT01_NB2i_NJ68 | LT4i_HT01_NB2i_NJ45f6  |    1.015     |    1.060     |    1.014     |    1.004     |    1.025     |    1.095     |    1.226     |    1.021     |    1.068     |    1.008   
LT4i_HT2i_NB1_NJ68 | LT4i_HT2i_NB1i_NJ45f6  |    1.012     |    1.041     |    1.051     |    1.017     |    1.003     |    1.007     |    1.090     |    1.048     |    1.069     |    1.009   
LT4i_HT2i_NB2i_NJ68 | LT4i_HT2i_NB1i_NJ45f6  |    1.050     |    1.036     |    1.064     |    1.004     |    1.026     |    1.018     |    1.076     |    1.107     |    1.070     |    1.003   
bin                |  SBin | btagHF     |   btagLF     |   Wxsec     |   Wpol     |   TTVxsec     |   topPt     |   PU     |   JEC     |   DLSlope     |   DLConst  
LT1_HT01_NB1_NJ9i | LT1_HT01_NB1_NJ45f9  |    1.001     |    1.023     |    1.040     |    1.008     |    1.010     |    1.013     |    1.009     |    1.009     |    1.162     |    1.013   
LT1_HT01_NB2_NJ9i | LT1_HT01_NB2i_NJ45f9  |    1.001     |    1.019     |    1.037     |    1.004     |    1.001     |    1.003     |    1.031     |    1.015     |    1.160     |    1.023   
LT1_HT0i_NB3i_NJ9i | LT1_HT0i_NB2i_NJ45f9  |    1.008     |    1.009     |    1.008     |    1.002     |    1.015     |    1.000     |    1.006     |    1.022     |    1.151     |    1.027   
LT1_HT2i_NB1_NJ9i | LT1_HT2i_NB1i_NJ45f9  |    1.009     |    1.090     |    1.010     |    1.002     |    1.006     |    1.022     |    1.028     |    1.028     |    1.100     |    1.023   
LT1_HT2i_NB2_NJ9i | LT1_HT2i_NB1i_NJ45f9  |    1.007     |    1.102     |    1.009     |    1.002     |    1.045     |    1.007     |    1.033     |    1.015     |    1.127     |    1.041   
LT2_HT0i_NB1_NJ9i | LT2_HT0i_NB1_NJ45f9  |    1.006     |    1.037     |    1.037     |    1.011     |    1.006     |    1.018     |    1.009     |    1.013     |    1.175     |    1.007   
LT2_HT0i_NB2_NJ9i | LT2_HT0i_NB2i_NJ45f9  |    1.015     |    1.037     |    1.017     |    1.009     |    1.027     |    1.003     |    1.007     |    1.020     |    1.174     |    1.017   
LT2_HT0i_NB3i_NJ9i | LT2_HT0i_NB2i_NJ45f9  |    1.012     |    1.002     |    1.013     |    1.013     |    1.028     |    1.043     |    1.012     |    1.057     |    1.163     |    1.019   
LT3i_HT0i_NB1_NJ9i | LT3i_HT0i_NB1_NJ45f9  |    1.005     |    1.166     |    1.061     |    1.023     |    1.019     |    1.003     |    1.028     |    1.029     |    1.207     |    1.007   
LT3i_HT0i_NB2i_NJ9i | LT3i_HT0i_NB2i_NJ45f9  |    1.010     |    1.050     |    1.022     |    1.006     |    1.049     |    1.017     |    1.055     |    1.012     |    1.200     |    1.002   
