#mGo	mLSP	Total	Counts	genWeight
1000	750	1858050	142709	142709.000
1025	600	1858050	140654	140654.000
1025	675	1858050	140774	140774.000
1025	700	1858050	142966	142966.000
1025	725	1858050	131623	131623.000
1025	750	1858050	131314	131314.000
1000	725	1858050	142907	142907.000
1025	625	1858050	138059	138059.000
1050	0	1858050	95476	95476.000
1050	100	1858050	93004	93004.000
1000	775	1858050	143212	143212.000
1025	775	1858050	140307	140307.000
1025	650	1858050	134208	134208.000
1025	800	1858050	140837	140837.000
#mGo	mLSP	Total	Counts	genWeight
1100	725	1914604	144524	144524.000
1100	450	1914604	92720	92720.000
1100	500	1914604	96466	96466.000
1100	750	1914604	144712	144712.000
1100	0	1914604	96068	96068.000
1100	250	1914604	96559	96559.000
1100	775	1914604	144493	144493.000
1100	300	1914604	96354	96354.000
1100	550	1914604	95864	95864.000
1100	600	1914604	93189	93189.000
1100	50	1914604	96167	96167.000
1100	100	1914604	96367	96367.000
1100	350	1914604	96324	96324.000
1100	400	1914604	94452	94452.000
1100	650	1914604	96385	96385.000
1100	700	1914604	145150	145150.000
1100	150	1914604	92917	92917.000
1100	200	1914604	95893	95893.000
#mGo	mLSP	Total	Counts	genWeight
1125	825	1880023	144802	144802.000
1125	900	1880023	145349	145349.000
1125	800	1880023	144980	144980.000
1100	800	1880023	144308	144308.000
1125	850	1880023	145030	145030.000
1125	775	1880023	144737	144737.000
1100	825	1880023	144899	144899.000
1125	750	1880023	142347	142347.000
1100	850	1880023	144449	144449.000
1125	875	1880023	144963	144963.000
1125	725	1880023	144776	144776.000
1100	875	1880023	144172	144172.000
1125	700	1880023	145211	145211.000
#mGo	mLSP	Total	Counts	genWeight
1150	300	1893816	97151	97151.000
1150	250	1893816	97494	97494.000
1150	0	1893816	97077	97077.000
1150	750	1893816	145546	145546.000
1150	500	1893816	97189	97189.000
1150	450	1893816	97031	97031.000
1150	200	1893816	97078	97078.000
1150	800	1893816	145792	145792.000
1150	150	1893816	97398	97398.000
1150	700	1893816	97053	97053.000
1150	650	1893816	96616	96616.000
1150	400	1893816	97244	97244.000
1150	350	1893816	97377	97377.000
1150	100	1893816	96632	96632.000
1150	50	1893816	97285	97285.000
1150	775	1893816	145849	145849.000
1150	600	1893816	97054	97054.000
1150	550	1893816	96950	96950.000
#mGo	mLSP	Total	Counts	genWeight
1175	900	1850593	146523	146523.000
1175	875	1850593	146238	146238.000
1175	925	1850593	146603	146603.000
1150	925	1850593	145613	145613.000
1150	875	1850593	145602	145602.000
1175	750	1850593	102091	102091.000
1175	800	1850593	140632	140632.000
1150	900	1850593	146104	146104.000
1150	825	1850593	145666	145666.000
1150	850	1850593	145907	145907.000
1175	775	1850593	146344	146344.000
1175	850	1850593	146785	146785.000
1175	825	1850593	146485	146485.000
#mGo	mLSP	Total	Counts	genWeight
1175	950	146386	146386	146386.000
#mGo	mLSP	Total	Counts	genWeight
1200	550	1863259	98198	98198.000
1200	400	1863259	97804	97804.000
1200	650	1863259	98162	98162.000
1200	100	1863259	98021	98021.000
1200	350	1863259	98082	98082.000
1200	200	1863259	98320	98320.000
1200	450	1863259	98157	98157.000
1200	700	1863259	98042	98042.000
1200	150	1863259	98212	98212.000
1200	0	1863259	97913	97913.000
1200	250	1863259	98418	98418.000
1200	500	1863259	97825	97825.000
1200	825	1863259	147075	147075.000
1200	750	1863259	97646	97646.000
1200	600	1863259	98104	98104.000
1200	800	1863259	146894	146894.000
1200	50	1863259	98365	98365.000
1200	300	1863259	98021	98021.000
#mGo	mLSP	Total	Counts	genWeight
1200	875	1905117	147108	147108.000
1225	900	1905117	147337	147337.000
1225	925	1905117	145106	145106.000
1200	900	1905117	147271	147271.000
1225	1000	1905117	148060	148060.000
1200	925	1905117	146530	146530.000
1225	800	1905117	148045	148045.000
1225	825	1905117	147870	147870.000
1200	950	1905117	137603	137603.000
1225	875	1905117	147795	147795.000
1200	975	1905117	147394	147394.000
1225	850	1905117	147592	147592.000
1200	850	1905117	147406	147406.000
#mGo	mLSP	Total	Counts	genWeight
1250	925	1902944	148396	148396.000
1275	1000	1902944	149092	149092.000
1250	700	1902944	99165	99165.000
1250	850	1902944	145207	145207.000
1275	850	1902944	149509	149509.000
1250	875	1902944	136104	136104.000
1275	1050	1902944	149299	149299.000
1250	800	1902944	86426	86426.000
1250	950	1902944	147416	147416.000
1275	875	1902944	149774	149774.000
1250	975	1902944	149022	149022.000
1275	1025	1902944	150002	150002.000
1250	750	1902944	98786	98786.000
1250	900	1902944	144746	144746.000
#mGo	mLSP	Total	Counts	genWeight
1275	975	599432	149921	149921.000
1275	900	599432	149852	149852.000
1275	950	599432	149306	149306.000
1275	925	599432	150353	150353.000
#mGo	mLSP	Total	Counts	genWeight
1300	250	1965567	91310	91310.000
1300	300	1965567	98326	98326.000
1300	150	1965567	99717	99717.000
1300	600	1965567	99809	99809.000
1300	450	1965567	98399	98399.000
1300	500	1965567	100362	100362.000
1300	1025	1965567	148973	148973.000
1300	350	1965567	97604	97604.000
1300	0	1965567	98944	98944.000
1300	650	1965567	100225	100225.000
1300	550	1965567	100364	100364.000
1300	1075	1965567	150759	150759.000
1300	200	1965567	96696	96696.000
1300	1000	1965567	146605	146605.000
1300	50	1965567	94897	94897.000
1300	1050	1965567	148780	148780.000
1300	100	1965567	98710	98710.000
1300	400	1965567	95087	95087.000
#mGo	mLSP	Total	Counts	genWeight
1325	1025	1909778	151086	151086.000
1325	1100	1909778	151197	151197.000
1300	950	1909778	150532	150532.000
1325	900	1909778	150591	150591.000
1325	1050	1909778	150817	150817.000
1300	800	1909778	100627	100627.000
1300	925	1909778	149997	149997.000
1300	700	1909778	100620	100620.000
1325	1000	1909778	151314	151314.000
1325	1075	1909778	151540	151540.000
1300	850	1909778	99792	99792.000
1300	975	1909778	150501	150501.000
1300	900	1909778	150467	150467.000
1300	750	1909778	100697	100697.000
#mGo	mLSP	Total	Counts	genWeight
1325	950	1907544	135590	135590.000
1350	100	1907544	93839	93839.000
1350	1075	1907544	151041	151041.000
1350	1050	1907544	151913	151913.000
1350	200	1907544	101263	101263.000
1350	1100	1907544	139020	139020.000
1350	1025	1907544	151225	151225.000
1325	975	1907544	150780	150780.000
1350	0	1907544	99417	99417.000
1325	925	1907544	146361	146361.000
1350	150	1907544	95310	95310.000
1350	300	1907544	101191	101191.000
1350	250	1907544	96772	96772.000
1350	1125	1907544	149750	149750.000
1350	1000	1907544	144072	144072.000
#mGo	mLSP	Total	Counts	genWeight
1350	900	1928450	101209	101209.000
1350	50	1928450	101115	101115.000
1375	1000	1928450	152589	152589.000
1350	550	1928450	101451	101451.000
1350	700	1928450	101998	101998.000
1350	650	1928450	101093	101093.000
1350	800	1928450	101626	101626.000
1350	350	1928450	101647	101647.000
1350	500	1928450	101248	101248.000
1350	450	1928450	101707	101707.000
1350	600	1928450	101840	101840.000
1350	850	1928450	101161	101161.000
1350	950	1928450	152354	152354.000
1375	1025	1928450	152754	152754.000
1350	975	1928450	151608	151608.000
1350	400	1928450	101686	101686.000
1350	750	1928450	101364	101364.000
#mGo	mLSP	Total	Counts	genWeight
1375	1075	1057949	152874	152874.000
1375	1125	1057949	153283	153283.000
1375	975	1057949	140649	140649.000
1375	1050	1057949	152604	152604.000
1375	1100	1057949	153318	153318.000
1375	950	1057949	152493	152493.000
1375	1150	1057949	152728	152728.000
#mGo	mLSP	Total	Counts	genWeight
1400	350	2052878	102607	102607.000
1400	1075	2052878	154066	154066.000
1400	200	2052878	102776	102776.000
1400	1150	2052878	154107	154107.000
1400	400	2052878	102571	102571.000
1400	1125	2052878	154082	154082.000
1400	250	2052878	102587	102587.000
1400	100	2052878	102774	102774.000
1400	1000	2052878	153545	153545.000
1400	1175	2052878	154034	154034.000
1400	300	2052878	102966	102966.000
1400	1025	2052878	153793	153793.000
1400	150	2052878	102530	102530.000
1400	0	2052878	102885	102885.000
1400	1100	2052878	154011	154011.000
1400	1050	2052878	153544	153544.000
#mGo	mLSP	Total	Counts	genWeight
1425	1000	1997485	154831	154831.000
1425	1075	1997485	154979	154979.000
1400	50	1997485	102589	102589.000
1400	850	1997485	98059	98059.000
1400	700	1997485	102175	102175.000
1400	550	1997485	102826	102826.000
1425	1025	1997485	155567	155567.000
1400	900	1997485	98107	98107.000
1400	750	1997485	102290	102290.000
1400	600	1997485	102201	102201.000
1400	450	1997485	103130	103130.000
1425	1100	1997485	155304	155304.000
1425	1050	1997485	155099	155099.000
1400	950	1997485	102901	102901.000
1400	800	1997485	102168	102168.000
1400	650	1997485	102706	102706.000
1400	500	1997485	102553	102553.000
#mGo	mLSP	Total	Counts	genWeight
1425	1125	2061505	154730	154730.000
1450	1125	2061505	155599	155599.000
1450	1150	2061505	156007	156007.000
1450	100	2061505	103629	103629.000
1450	200	2061505	100273	100273.000
1450	1075	2061505	155852	155852.000
1450	1050	2061505	155856	155856.000
1425	1150	2061505	151395	151395.000
1450	1100	2061505	152865	152865.000
1450	1200	2061505	156171	156171.000
1425	1175	2061505	151568	151568.000
1450	1175	2061505	155790	155790.000
1450	0	2061505	104036	104036.000
1450	150	2061505	103974	103974.000
1450	1000	2061505	103760	103760.000
#mGo	mLSP	Total	Counts	genWeight
1475	1075	1945370	152040	152040.000
1450	350	1945370	99184	99184.000
1450	900	1945370	99847	99847.000
1450	650	1945370	104215	104215.000
1450	400	1945370	104113	104113.000
1450	550	1945370	104250	104250.000
1450	300	1945370	103929	103929.000
1450	50	1945370	99238	99238.000
1450	950	1945370	99266	99266.000
1450	600	1945370	94433	94433.000
1450	750	1945370	104160	104160.000
1450	500	1945370	104218	104218.000
1450	250	1945370	104376	104376.000
1450	800	1945370	103861	103861.000
1475	1050	1945370	156478	156478.000
1450	850	1945370	103995	103995.000
1450	700	1945370	104023	104023.000
1450	450	1945370	103744	103744.000
#mGo	mLSP	Total	Counts	genWeight
1500	1125	2101387	157926	157926.000
1500	100	2101387	105596	105596.000
1475	1100	2101387	157169	157169.000
1500	1150	2101387	158042	158042.000
1500	1200	2101387	157569	157569.000
1475	1175	2101387	156487	156487.000
1500	1175	2101387	158086	158086.000
1500	150	2101387	105413	105413.000
1475	1150	2101387	157221	157221.000
1500	1000	2101387	105062	105062.000
1500	1250	2101387	157720	157720.000
1500	0	2101387	105005	105005.000
1500	1050	2101387	105129	105129.000
1500	1100	2101387	158508	158508.000
1475	1125	2101387	156454	156454.000
#mGo	mLSP	Total	Counts	genWeight
1500	50	2102185	105270	105270.000
1500	900	2102185	104866	104866.000
1525	1125	2102185	158543	158543.000
1500	350	2102185	104944	104944.000
1500	400	2102185	105116	105116.000
1500	650	2102185	104995	104995.000
1500	700	2102185	105050	105050.000
1500	950	2102185	101741	101741.000
1500	200	2102185	104843	104843.000
1500	850	2102185	105242	105242.000
1500	450	2102185	105866	105866.000
1500	500	2102185	105075	105075.000
1500	750	2102185	105315	105315.000
1500	800	2102185	105642	105642.000
1500	250	2102185	105230	105230.000
1525	1100	2102185	158816	158816.000
1500	300	2102185	105046	105046.000
1500	550	2102185	105336	105336.000
1500	600	2102185	105249	105249.000
#mGo	mLSP	Total	Counts	genWeight
1550	1200	2076267	159514	159514.000
1550	1100	2076267	106988	106988.000
1550	100	2076267	106884	106884.000
1525	1175	2076267	159078	159078.000
1550	1150	2076267	159913	159913.000
1550	1000	2076267	106761	106761.000
1525	1150	2076267	159104	159104.000
1550	300	2076267	105964	105964.000
1550	250	2076267	106604	106604.000
1550	0	2076267	106643	106643.000
1550	1050	2076267	106843	106843.000
1550	1300	2076267	159380	159380.000
1550	1250	2076267	160280	160280.000
1550	1175	2076267	159444	159444.000
1550	200	2076267	106532	106532.000
1550	150	2076267	106335	106335.000
#mGo	mLSP	Total	Counts	genWeight
1600	150	2166989	54165	54165.000
1600	0	2166989	54068	54068.000
1600	550	2166989	54107	54107.000
1600	100	2166989	53985	53985.000
1650	1050	2166989	54688	54688.000
1600	1050	2166989	54052	54052.000
1600	600	2166989	53989	53989.000
1650	0	2166989	55147	55147.000
1600	1200	2166989	162589	162589.000
1600	1150	2166989	53994	53994.000
1600	1000	2166989	54038	54038.000
1600	700	2166989	54176	54176.000
1600	250	2166989	54049	54049.000
1600	1300	2166989	162443	162443.000
1600	850	2166989	53817	53817.000
1600	1100	2166989	54081	54081.000
1600	400	2166989	54133	54133.000
1600	650	2166989	54154	54154.000
1600	350	2166989	54368	54368.000
1600	200	2166989	53749	53749.000
1600	1250	2166989	162339	162339.000
1600	950	2166989	54431	54431.000
1600	800	2166989	54053	54053.000
1650	1000	2166989	54742	54742.000
1600	500	2166989	54030	54030.000
1600	750	2166989	54400	54400.000
1600	50	2166989	54483	54483.000
1650	100	2166989	54792	54792.000
1600	300	2166989	53863	53863.000
1600	1350	2166989	162126	162126.000
1600	900	2166989	53858	53858.000
1600	450	2166989	54080	54080.000
#mGo	mLSP	Total	Counts	genWeight
1650	800	2160835	54490	54490.000
1650	950	2160835	54638	54638.000
1650	1250	2160835	164138	164138.000
1650	1400	2160835	164620	164620.000
1700	1200	2160835	51904	51904.000
1650	400	2160835	51262	51262.000
1650	850	2160835	54970	54970.000
1650	1300	2160835	160426	160426.000
1650	300	2160835	54849	54849.000
1650	750	2160835	51319	51319.000
1650	1200	2160835	54747	54747.000
1700	1100	2160835	55748	55748.000
1650	200	2160835	54936	54936.000
1650	350	2160835	54804	54804.000
1650	650	2160835	54783	54783.000
1650	1100	2160835	54586	54586.000
1650	250	2160835	54725	54725.000
1650	550	2160835	51125	51125.000
1650	700	2160835	54914	54914.000
1650	1150	2160835	54871	54871.000
1650	150	2160835	47741	47741.000
1650	450	2160835	54576	54576.000
1650	600	2160835	54634	54634.000
1700	1050	2160835	52013	52013.000
1650	900	2160835	54653	54653.000
1700	1150	2160835	56022	56022.000
1700	1000	2160835	55652	55652.000
1650	1350	2160835	164550	164550.000
1650	50	2160835	54782	54782.000
1700	100	2160835	55464	55464.000
1700	0	2160835	48676	48676.000
1650	500	2160835	54217	54217.000
#mGo	mLSP	Total	Counts	genWeight
1700	1450	2223595	166605	166605.000
1700	700	2223595	55579	55579.000
1750	1200	2223595	56282	56282.000
1750	1250	2223595	56169	56169.000
1750	1000	2223595	56295	56295.000
1700	600	2223595	55533	55533.000
1750	0	2223595	56312	56312.000
1750	1150	2223595	56599	56599.000
1700	550	2223595	55514	55514.000
1750	100	2223595	56247	56247.000
1700	150	2223595	55604	55604.000
1700	1400	2223595	166727	166727.000
1700	450	2223595	55441	55441.000
1750	1050	2223595	56185	56185.000
1700	1350	2223595	166496	166496.000
1750	1300	2223595	56120	56120.000
1700	50	2223595	55393	55393.000
1700	900	2223595	51718	51718.000
1700	750	2223595	55621	55621.000
1700	300	2223595	55490	55490.000
1700	950	2223595	55485	55485.000
1700	1250	2223595	55567	55567.000
1700	500	2223595	55388	55388.000
1700	350	2223595	55437	55437.000
1700	800	2223595	55478	55478.000
1700	650	2223595	55686	55686.000
1700	200	2223595	55556	55556.000
1700	850	2223595	55411	55411.000
1700	400	2223595	55259	55259.000
1700	250	2223595	55422	55422.000
1750	1100	2223595	56453	56453.000
1700	1300	2223595	166523	166523.000
#mGo	mLSP	Total	Counts	genWeight
1750	500	1517159	56279	56279.000
1750	450	1517159	56050	56050.000
1750	600	1517159	56099	56099.000
1750	150	1517159	56045	56045.000
1750	1350	1517159	169044	169044.000
1750	300	1517159	56111	56111.000
1750	1400	1517159	168569	168569.000
1750	250	1517159	55986	55986.000
1750	1450	1517159	168912	168912.000
1750	400	1517159	56310	56310.000
1750	750	1517159	56181	56181.000
1750	900	1517159	56220	56220.000
1750	50	1517159	56103	56103.000
1750	850	1517159	56081	56081.000
1750	200	1517159	56006	56006.000
1750	950	1517159	56127	56127.000
1750	550	1517159	56185	56185.000
1750	700	1517159	56174	56174.000
1750	650	1517159	56300	56300.000
1750	800	1517159	56437	56437.000
1750	350	1517159	55940	55940.000
#mGo	mLSP	Total	Counts	genWeight
1800	750	2286619	57157	57157.000
1800	1400	2286619	170987	170987.000
1800	450	2286619	57071	57071.000
1800	300	2286619	57362	57362.000
1800	950	2286619	56544	56544.000
1800	0	2286619	56738	56738.000
1800	500	2286619	57189	57189.000
1800	350	2286619	57149	57149.000
1800	50	2286619	57167	57167.000
1850	1100	2286619	57697	57697.000
1800	1250	2286619	56750	56750.000
1800	1100	2286619	57085	57085.000
1800	800	2286619	57178	57178.000
1800	650	2286619	57272	57272.000
1800	1300	2286619	57066	57066.000
1800	1150	2286619	57058	57058.000
1800	200	2286619	57122	57122.000
1800	850	2286619	56863	56863.000
1800	700	2286619	57243	57243.000
1850	1000	2286619	58037	58037.000
1800	400	2286619	57225	57225.000
1800	250	2286619	57053	57053.000
1800	1450	2286619	171042	171042.000
1800	1000	2286619	57155	57155.000
1850	100	2286619	57953	57953.000
1800	550	2286619	57152	57152.000
1800	1200	2286619	57060	57060.000
1800	1050	2286619	57058	57058.000
1800	100	2286619	56888	56888.000
1800	600	2286619	57259	57259.000
1850	1050	2286619	57871	57871.000
1800	150	2286619	57039	57039.000
1850	1150	2286619	57544	57544.000
1850	0	2286619	57806	57806.000
1800	1350	2286619	56784	56784.000
1800	900	2286619	56995	56995.000
#mGo	mLSP	Total	Counts	genWeight
1850	1400	2307677	57782	57782.000
1850	750	2307677	56114	56114.000
1850	800	2307677	57574	57574.000
1850	150	2307677	57891	57891.000
1850	1250	2307677	57866	57866.000
1850	200	2307677	57995	57995.000
1900	1300	2307677	57148	57148.000
1850	650	2307677	57752	57752.000
1850	50	2307677	57685	57685.000
1900	1250	2307677	58680	58680.000
1900	1150	2307677	58544	58544.000
1850	500	2307677	58041	58041.000
1850	950	2307677	57792	57792.000
1900	1400	2307677	56869	56869.000
1850	350	2307677	57745	57745.000
1850	1450	2307677	173547	173547.000
1850	400	2307677	57889	57889.000
1900	200	2307677	59100	59100.000
1900	150	2307677	55114	55114.000
1850	850	2307677	57758	57758.000
1850	1300	2307677	57526	57526.000
1850	250	2307677	56436	56436.000
1900	1050	2307677	58377	58377.000
1850	700	2307677	57936	57936.000
1900	1350	2307677	58580	58580.000
1900	1200	2307677	56741	56741.000
1850	1200	2307677	56158	56158.000
1850	550	2307677	57813	57813.000
1850	600	2307677	57869	57869.000
1900	0	2307677	58600	58600.000
1900	1100	2307677	58592	58592.000
1850	450	2307677	57918	57918.000
1900	100	2307677	58434	58434.000
1850	900	2307677	57822	57822.000
1900	1450	2307677	58503	58503.000
1850	1350	2307677	56434	56434.000
1850	300	2307677	56388	56388.000
1900	1000	2307677	58664	58664.000
#mGo	mLSP	Total	Counts	genWeight
1950	1050	2340769	59241	59241.000
1950	1100	2340769	59434	59434.000
1950	1250	2340769	59391	59391.000
1950	150	2340769	59587	59587.000
1900	50	2340769	58433	58433.000
1900	350	2340769	58213	58213.000
1950	1150	2340769	59435	59435.000
1900	650	2340769	54378	54378.000
1900	950	2340769	54824	54824.000
1950	1350	2340769	59369	59369.000
1900	500	2340769	58544	58544.000
1950	0	2340769	58385	58385.000
1900	800	2340769	58400	58400.000
1950	450	2340769	59518	59518.000
1950	1000	2340769	56629	56629.000
1950	1450	2340769	59344	59344.000
1950	1200	2340769	59413	59413.000
1950	350	2340769	59342	59342.000
1950	100	2340769	59324	59324.000
1950	550	2340769	59319	59319.000
1900	450	2340769	58419	58419.000
1900	750	2340769	58627	58627.000
1950	1300	2340769	58897	58897.000
1900	300	2340769	54556	54556.000
1950	200	2340769	59470	59470.000
1900	600	2340769	58469	58469.000
1950	250	2340769	59164	59164.000
1950	400	2340769	59184	59184.000
1950	650	2340769	59304	59304.000
1950	500	2340769	59071	59071.000
1950	1400	2340769	59475	59475.000
1950	300	2340769	59225	59225.000
1900	700	2340769	58458	58458.000
1900	250	2340769	58471	58471.000
1900	550	2340769	54587	54587.000
1900	850	2340769	58740	58740.000
1900	900	2340769	59091	59091.000
1900	400	2340769	58345	58345.000
1950	50	2340769	59500	59500.000
1950	600	2340769	59193	59193.000
#mGo	mLSP	Total	Counts	genWeight
1950	800	355766	59352	59352.000
1950	750	355766	59153	59153.000
1950	950	355766	59475	59475.000
1950	700	355766	59440	59440.000
1950	900	355766	59218	59218.000
1950	850	355766	59128	59128.000
#mGo	mLSP	Total	Counts	genWeight
600	275	1815720	452649	452649.000
600	325	1815720	457748	457748.000
600	250	1815720	447772	447772.000
600	300	1815720	457551	457551.000
#mGo	mLSP	Total	Counts	genWeight
625	325	1783287	355884	355884.000
625	275	1783287	356888	356888.000
625	350	1783287	355811	355811.000
625	300	1783287	356387	356387.000
625	375	1783287	358317	358317.000
#mGo	mLSP	Total	Counts	genWeight
650	200	1774969	285220	285220.000
650	325	1774969	285478	285478.000
650	275	1774969	275830	275830.000
650	300	1774969	284808	284808.000
650	250	1774969	284829	284829.000
625	400	1774969	358804	358804.000
#mGo	mLSP	Total	Counts	genWeight
650	350	1738564	270072	270072.000
675	300	1738564	209029	209029.000
650	400	1738564	284640	284640.000
675	275	1738564	208867	208867.000
650	375	1738564	279752	279752.000
675	250	1738564	201410	201410.000
650	425	1738564	284794	284794.000
#mGo	mLSP	Total	Counts	genWeight
675	450	1277916	212844	212844.000
675	375	1277916	212673	212673.000
675	350	1277916	213253	213253.000
675	425	1277916	213048	213048.000
675	400	1277916	212876	212876.000
675	325	1277916	213222	213222.000
#mGo	mLSP	Total	Counts	genWeight
700	325	2050645	182540	182540.000
700	100	2050645	188514	188514.000
700	350	2050645	188627	188627.000
700	400	2050645	188404	188404.000
700	375	2050645	182849	182849.000
700	425	2050645	188818	188818.000
700	200	2050645	183274	183274.000
700	450	2050645	188785	188785.000
700	0	2050645	182678	182678.000
700	250	2050645	188368	188368.000
700	300	2050645	187788	187788.000
#mGo	mLSP	Total	Counts	genWeight
725	500	1773584	135291	135291.000
700	475	1773584	187848	187848.000
725	475	1773584	135160	135160.000
725	375	1773584	141027	141027.000
725	450	1773584	141055	141055.000
725	350	1773584	135286	135286.000
725	425	1773584	140679	140679.000
750	250	1773584	111772	111772.000
725	325	1773584	129358	129358.000
725	400	1773584	141344	141344.000
750	300	1773584	117004	117004.000
725	300	1773584	140355	140355.000
750	200	1773584	117405	117405.000
#mGo	mLSP	Total	Counts	genWeight
750	400	1824035	140777	140777.000
750	350	1824035	140655	140655.000
750	525	1824035	139878	139878.000
750	475	1824035	140314	140314.000
775	350	1824035	140492	140492.000
775	400	1824035	140277	140277.000
750	500	1824035	139812	139812.000
750	425	1824035	140302	140302.000
750	450	1824035	140585	140585.000
750	375	1824035	140168	140168.000
775	375	1824035	140465	140465.000
775	450	1824035	140519	140519.000
775	425	1824035	139791	139791.000
#mGo	mLSP	Total	Counts	genWeight
775	500	561539	140425	140425.000
775	475	561539	140831	140831.000
775	550	561539	140137	140137.000
775	525	561539	140146	140146.000
#mGo	mLSP	Total	Counts	genWeight
800	475	1807266	135940	135940.000
800	0	1807266	93704	93704.000
800	250	1807266	93798	93798.000
800	500	1807266	140917	140917.000
800	525	1807266	136443	136443.000
825	400	1807266	140645	140645.000
800	300	1807266	94049	94049.000
800	550	1807266	136046	136046.000
800	400	1807266	136621	136621.000
800	575	1807266	140929	140929.000
800	100	1807266	93753	93753.000
800	425	1807266	136326	136326.000
800	350	1807266	93897	93897.000
800	200	1807266	93709	93709.000
800	450	1807266	140489	140489.000
#mGo	mLSP	Total	Counts	genWeight
850	300	1875988	93561	93561.000
825	575	1875988	141215	141215.000
850	475	1875988	140275	140275.000
825	600	1875988	140520	140520.000
850	450	1875988	140659	140659.000
825	550	1875988	140370	140370.000
850	400	1875988	94028	94028.000
850	250	1875988	93954	93954.000
825	525	1875988	140947	140947.000
825	475	1875988	140383	140383.000
825	500	1875988	140698	140698.000
825	450	1875988	140986	140986.000
850	200	1875988	94136	94136.000
850	350	1875988	93874	93874.000
825	425	1875988	140382	140382.000
#mGo	mLSP	Total	Counts	genWeight
850	525	1800849	140762	140762.000
850	600	1800849	140325	140325.000
875	450	1800849	140488	140488.000
850	625	1800849	129746	129746.000
875	600	1800849	140255	140255.000
850	550	1800849	141038	141038.000
875	500	1800849	138513	138513.000
875	475	1800849	140376	140376.000
875	575	1800849	140217	140217.000
850	575	1800849	140865	140865.000
850	500	1800849	140355	140355.000
875	550	1800849	130366	130366.000
875	525	1800849	137543	137543.000
#mGo	mLSP	Total	Counts	genWeight
875	650	1867622	141013	141013.000
875	625	1867622	140949	140949.000
900	550	1867622	140872	140872.000
900	200	1867622	93828	93828.000
900	100	1867622	94103	94103.000
900	625	1867622	140645	140645.000
900	400	1867622	94181	94181.000
900	525	1867622	140703	140703.000
900	250	1867622	93798	93798.000
900	300	1867622	94597	94597.000
900	600	1867622	141142	141142.000
900	450	1867622	81628	81628.000
900	575	1867622	140724	140724.000
900	500	1867622	141519	141519.000
900	350	1867622	94143	94143.000
900	0	1867622	93777	93777.000
#mGo	mLSP	Total	Counts	genWeight
950	675	1787237	141821	141821.000
950	500	1787237	93936	93936.000
950	450	1787237	90788	90788.000
950	600	1787237	141644	141644.000
950	625	1787237	141161	141161.000
950	400	1787237	94151	94151.000
975	575	1787237	141910	141910.000
975	550	1787237	141664	141664.000
950	550	1787237	141150	141150.000
950	700	1787237	141119	141119.000
950	650	1787237	141467	141467.000
950	575	1787237	141497	141497.000
950	725	1787237	140773	140773.000
950	350	1787237	94156	94156.000
#mGo	mLSP	Total	Counts	genWeight
975	600	992951	141740	141740.000
975	675	992951	142031	142031.000
975	725	992951	141546	141546.000
975	650	992951	142096	142096.000
975	700	992951	141988	141988.000
975	750	992951	141493	141493.000
975	625	992951	142057	142057.000
